gen	invalid	avg	std	min	max	best_ind_length	avg_length	best_ind_nodes	avg_nodes	best_ind_depth	avg_depth	avg_used_codons	best_ind_used_codons	structural_diversity	selection_time	generation_time
0	0	0.4967741935483872	5.551115123125783e-17	0.49677419354838714	0.49677419354838714	4480	4603.0	982	1023.0	13	13.0	3069.0	2987	1.0	0	5.913151741027832
1	0	0.5006451612903227	0.007741935483870943	0.49677419354838714	0.5161290322580645	4480	4635.4	982	689.2	13	15.0	2055.2	2987	1.0	3.600120544433594e-05	2.005448818206787
2	0	0.4967741935483872	5.551115123125783e-17	0.49677419354838714	0.49677419354838714	4480	4622.9	982	628.0	13	12.8	1883.3	2987	1.0	4.839897155761719e-05	1.7451276779174805
3	0	0.49483870967741944	0.005806451612903241	0.4774193548387097	0.49677419354838714	5334	4440.9	7	618.1	7	11.4	1854.5	17	1.0	2.7894973754882812e-05	1.6868324279785156
4	0	0.503225806451613	0.019989591464296328	0.4774193548387097	0.5548387096774193	5334	4477.0	7	550.5	7	14.1	1646.3	17	1.0	5.1021575927734375e-05	1.8426456451416016
5	0	0.4929032258064517	0.009214746359410128	0.4774193548387097	0.5032258064516129	5334	4960.9	7	564.6	7	15.5	1686.7	17	1.0	3.600120544433594e-05	1.8491134643554688
6	0	0.4935483870967742	0.011267257546176116	0.4774193548387097	0.5161290322580645	5334	4678.4	7	324.9	7	9.8	968.3	17	1.0	2.6702880859375e-05	1.8498096466064453
7	0	0.4845161290322581	0.009326988577290966	0.47096774193548385	0.49677419354838714	5337	4233.0	10	242.8	8	9.6	720.7	27	1.0	3.457069396972656e-05	1.7725903987884521
8	0	0.48129032258064514	0.008262095790235954	0.47096774193548385	0.49677419354838714	5337	4230.3	10	15.6	8	8.1	42.9	27	1.0	3.1948089599609375e-05	1.5783360004425049
9	0	0.48516129032258065	0.014936563745535782	0.47096774193548385	0.5225806451612903	5337	4696.9	10	28.4	8	10.6	80.4	27	1.0	3.409385681152344e-05	1.6272814273834229
10	0	0.4832258064516129	0.00976306190349778	0.47096774193548385	0.5032258064516129	5337	4681.4	10	16.3	8	8.2	45.2	27	1.0	2.6702880859375e-05	1.5895354747772217
11	0	0.47935483870967743	0.008186179058354517	0.47096774193548385	0.5032258064516129	5337	4387.3	10	14.7	8	7.7	40.4	27	0.8	4.291534423828125e-05	1.6047759056091309
12	0	0.4806451612903226	0.008287246824945265	0.47096774193548385	0.49677419354838714	5337	4386.6	10	17.6	8	8.8	49.0	27	0.8	2.4318695068359375e-05	1.5939326286315918
13	0	0.48258064516129034	0.012838547575569292	0.47096774193548385	0.5161290322580645	5337	4367.4	10	16.8	8	8.3	47.0	27	1.0	4.4345855712890625e-05	1.5905570983886719
14	0	0.4806451612903226	0.011983339110326906	0.47096774193548385	0.5161290322580645	5337	4698.0	10	14.3	8	7.6	39.5	27	0.9	4.0531158447265625e-05	1.5818262100219727
15	0	0.48258064516129034	0.009911155803701433	0.47096774193548385	0.5032258064516129	5337	4036.6	10	15.3	8	7.9	42.3	27	1.0	4.1484832763671875e-05	1.59480881690979
16	0	0.48451612903225805	0.016934715804395727	0.47096774193548385	0.5290322580645161	5337	4058.4	10	18.0	8	8.5	49.7	27	0.9	3.409385681152344e-05	1.5792162418365479
17	0	0.4870967741935484	0.023484225449291993	0.47096774193548385	0.5548387096774193	5337	4696.4	10	14.9	8	7.7	41.1	27	1.0	4.0531158447265625e-05	1.6174983978271484
18	0	0.4838709677419355	0.00956928837044604	0.47096774193548385	0.49677419354838714	5337	4697.5	10	20.5	8	9.6	57.7	27	1.0	4.220008850097656e-05	1.6021449565887451
19	0	0.4838709677419355	0.01778586935753575	0.47096774193548385	0.5354838709677419	5337	4695.3	10	14.3	8	7.6	39.8	27	0.9	4.124641418457031e-05	1.5596380233764648
20	0	0.48	0.010077741517298934	0.47096774193548385	0.5096774193548388	5337	4387.7	10	15.0	8	7.9	41.4	27	1.0	4.506111145019531e-05	1.6692187786102295
21	0	0.4838709677419355	0.013221871956076936	0.47096774193548385	0.5096774193548388	5337	4388.3	10	17.5	8	8.4	47.9	27	1.0	4.4345855712890625e-05	1.6027381420135498
22	0	0.48258064516129034	0.009911155803701433	0.47096774193548385	0.5032258064516129	5337	4036.3	10	36.4	8	9.7	101.8	27	1.0	3.981590270996094e-05	1.6650960445404053
23	0	0.4845161290322581	0.014555502158294816	0.47096774193548385	0.5225806451612903	5337	4695.7	10	16.5	8	8.4	45.7	27	1.0	2.956390380859375e-05	1.6003961563110352
24	0	0.48	0.012308892921508975	0.47096774193548385	0.5161290322580645	5336	4366.4	13	15.2	8	7.7	41.7	32	1.0	4.029273986816406e-05	1.5234622955322266
25	0	0.4870967741935484	0.015335308805167366	0.47096774193548385	0.5161290322580645	5336	4697.3	13	20.0	8	8.9	55.3	32	1.0	4.00543212890625e-05	1.5667860507965088
26	0	0.48838709677419356	0.018029920790299515	0.47096774193548385	0.5290322580645161	5336	4058.9	13	23.9	8	9.4	67.7	32	1.0	2.6464462280273438e-05	1.460918664932251
27	0	0.48516129032258065	0.01601248212385917	0.47096774193548385	0.5225806451612903	5336	4389.0	13	80.7	8	11.7	228.7	32	1.0	3.0517578125e-05	1.7484722137451172
28	0	0.48193548387096774	0.013237602921731097	0.47096774193548385	0.5161290322580645	5336	4366.8	13	14.7	8	7.8	40.6	32	0.9	2.5987625122070312e-05	1.4423680305480957
29	0	0.4832258064516129	0.01205260754339961	0.47096774193548385	0.5032258064516129	5336	4696.8	13	27.0	8	9.8	75.9	32	0.9	2.6464462280273438e-05	1.4895851612091064
30	0	0.4780645161290322	0.00886950134507581	0.47096774193548385	0.5032258064516129	5336	4367.5	13	16.1	8	8.1	44.3	32	1.0	4.172325134277344e-05	1.447618007659912
31	0	0.48258064516129034	0.01702052381712636	0.47096774193548385	0.5290322580645161	5336	4697.3	13	18.0	8	8.7	50.2	32	1.0	2.5272369384765625e-05	1.5032858848571777
32	0	0.4838709677419355	0.014992193598222259	0.47096774193548385	0.5161290322580645	5336	5027.2	13	20.0	8	8.7	55.6	32	1.0	3.790855407714844e-05	1.5029027462005615
33	0	0.4793548387096774	0.017081551348224172	0.46451612903225803	0.5290322580645161	5360	5026.6	8	26.0	7	9.7	72.7	19	1.0	4.1484832763671875e-05	1.7330875396728516
34	0	0.48	0.011965959349026722	0.46451612903225803	0.5032258064516129	5360	5343.0	8	17.7	7	8.5	48.3	19	1.0	3.266334533691406e-05	1.6767921447753906
35	0	0.48	0.012967581446607613	0.46451612903225803	0.5032258064516129	5360	5340.7	8	31.5	7	11.7	88.6	19	0.9	2.765655517578125e-05	1.6523120403289795
36	0	0.47935483870967743	0.014726080271630112	0.46451612903225803	0.5161290322580645	5360	5338.8	8	17.2	7	8.3	46.9	19	0.9	3.504753112792969e-05	1.5989611148834229
37	0	0.48258064516129034	0.014655247344000713	0.46451612903225803	0.5032258064516129	5360	5341.5	8	19.7	7	9.3	55.2	19	0.9	4.482269287109375e-05	1.6003992557525635
38	0	0.4761290322580646	0.01797211390604404	0.46451612903225803	0.5290322580645161	5364	5343.7	8	18.2	7	8.8	49.9	19	0.8	2.9802322387695312e-05	1.5799915790557861
39	0	0.47677419354838707	0.014838709677419364	0.46451612903225803	0.5161290322580645	5364	5346.7	8	9.4	7	7.3	23.3	19	0.9	3.0994415283203125e-05	1.6359636783599854
40	0	0.4716129032258064	0.01945137216991143	0.432258064516129	0.5096774193548388	5373	5346.4	18	12.6	10	8.5	32.9	47	0.8	4.6253204345703125e-05	1.577803373336792
41	0	0.4670967741935484	0.021044524426193662	0.432258064516129	0.5032258064516129	5373	5358.4	18	11.9	10	8.0	29.9	47	0.7	4.649162292480469e-05	1.6394250392913818
42	0	0.46838709677419355	0.022386260094061278	0.432258064516129	0.5096774193548388	5373	5362.4	18	10.4	10	7.6	26.1	47	0.7	4.792213439941406e-05	1.6262073516845703
43	0	0.46451612903225803	0.017785869357535775	0.432258064516129	0.4903225806451613	5373	5364.6	18	10.8	10	7.8	26.9	47	0.7	2.956390380859375e-05	1.6554417610168457
44	0	0.4677419354838709	0.024010056859262458	0.432258064516129	0.5096774193548388	5373	5365.0	18	11.0	10	8.1	27.9	47	0.7	4.482269287109375e-05	1.5215411186218262
45	0	0.46322580645161293	0.0237573582445445	0.432258064516129	0.5096774193548388	5373	5365.3	18	12.0	10	8.4	30.3	47	0.7	4.172325134277344e-05	1.6149897575378418
46	0	0.4703225806451613	0.029060917753690844	0.432258064516129	0.5032258064516129	5373	5368.1	18	12.0	10	8.3	30.8	47	0.8	4.410743713378906e-05	1.6406786441802979
47	0	0.4645161290322581	0.023081992025804295	0.432258064516129	0.49677419354838714	5373	5369.2	18	13.4	10	8.8	34.2	47	0.8	4.363059997558594e-05	1.5275490283966064
48	0	0.4683870967741936	0.027854236316029582	0.432258064516129	0.5096774193548388	5373	5367.1	18	13.0	10	8.7	33.0	47	0.8	2.765655517578125e-05	1.5968735218048096
49	0	0.467741935483871	0.032547092272592094	0.432258064516129	0.5483870967741935	5373	5369.8	18	13.2	10	8.8	33.8	47	0.8	3.9577484130859375e-05	1.5737833976745605
50	0	0.46322580645161293	0.023404331802860716	0.432258064516129	0.5032258064516129	5373	5369.0	18	13.3	10	8.3	33.6	47	0.8	5.14984130859375e-05	1.5595529079437256
51	0	0.46322580645161293	0.0276442390782304	0.432258064516129	0.5290322580645161	5373	5368.2	18	13.3	10	8.9	33.9	47	0.8	4.2438507080078125e-05	1.53192138671875
52	0	0.47225806451612906	0.0344784237829352	0.432258064516129	0.5290322580645161	5373	5368.9	18	10.8	10	8.2	27.6	47	0.9	3.361701965332031e-05	1.5681555271148682
53	0	0.46903225806451615	0.029146727736971658	0.432258064516129	0.5161290322580645	5373	5369.1	18	16.7	10	9.8	43.0	47	0.9	4.076957702636719e-05	1.5351791381835938
54	0	0.4625806451612903	0.027379477643771535	0.432258064516129	0.5032258064516129	5373	5369.8	18	17.1	10	10.0	44.3	47	0.9	4.506111145019531e-05	1.5424010753631592
55	0	0.46580645161290324	0.03157996967876237	0.432258064516129	0.5290322580645161	5373	5372.7	18	14.7	10	9.4	37.7	47	0.9	2.765655517578125e-05	1.5779004096984863
56	0	0.4612903225806452	0.0253590245252046	0.432258064516129	0.5096774193548388	5373	5372.5	18	15.4	10	8.8	39.1	47	0.9	3.719329833984375e-05	1.5103974342346191
57	0	0.46903225806451615	0.035577588848934784	0.432258064516129	0.5354838709677419	5373	5369.6	18	15.2	10	9.4	39.4	47	0.9	3.2901763916015625e-05	1.6233556270599365
58	0	0.467741935483871	0.03367840809325982	0.432258064516129	0.5354838709677419	5373	5372.0	18	12.4	10	8.5	32.1	47	0.9	3.24249267578125e-05	1.6018245220184326
59	0	0.45999999999999996	0.023448750768240312	0.432258064516129	0.5032258064516129	5373	5372.1	18	12.8	10	8.5	32.7	47	0.9	4.553794860839844e-05	1.5754947662353516
60	0	0.4593548387096774	0.024448122995479247	0.432258064516129	0.5032258064516129	5373	5371.2	18	14.6	10	9.4	38.0	47	0.9	3.147125244140625e-05	1.5902526378631592
61	0	0.4638709677419355	0.03153380492864499	0.432258064516129	0.5354838709677419	5373	5371.9	18	23.3	10	10.1	63.5	47	0.9	4.38690185546875e-05	1.710810661315918
62	0	0.4593548387096774	0.022311763181665275	0.432258064516129	0.49677419354838714	5373	5371.5	18	19.0	10	10.2	50.6	47	0.9	2.7418136596679688e-05	1.6163668632507324
63	0	0.4638709677419355	0.027741935483870963	0.432258064516129	0.5032258064516129	5373	5371.9	18	15.0	10	9.1	38.7	47	0.9	4.124641418457031e-05	1.5963313579559326
64	0	0.4548387096774193	0.022580645161290328	0.432258064516129	0.4903225806451613	5373	5371.9	18	16.8	10	9.8	43.6	47	0.9	4.029273986816406e-05	1.5835039615631104
65	0	0.45741935483870966	0.024558537175063597	0.432258064516129	0.49677419354838714	5373	5372.4	18	18.2	10	10.3	48.1	47	0.9	2.86102294921875e-05	1.6642119884490967
66	0	0.45935483870967736	0.0344784237829352	0.432258064516129	0.5290322580645161	5373	5372.4	18	17.1	10	9.7	44.2	47	0.9	5.555152893066406e-05	1.703918218612671
67	0	0.4503225806451613	0.02393191869805344	0.432258064516129	0.49677419354838714	5373	5374.6	18	16.0	10	9.4	41.3	47	0.9	4.410743713378906e-05	1.6178464889526367
68	0	0.45354838709677414	0.0261350052910053	0.432258064516129	0.49677419354838714	5373	5374.0	18	18.5	10	10.1	47.8	47	0.9	4.4345855712890625e-05	1.6461198329925537
69	0	0.45612903225806445	0.029852220132282004	0.432258064516129	0.5161290322580645	5373	5374.0	18	17.7	10	9.8	46.0	47	0.9	4.482269287109375e-05	1.618959903717041
70	0	0.45677419354838705	0.030778994688713715	0.432258064516129	0.5225806451612903	5373	5374.0	18	17.4	10	9.9	45.2	47	0.9	4.2438507080078125e-05	1.6198511123657227
71	0	0.4541935483870968	0.026317520070156326	0.432258064516129	0.49677419354838714	5373	5374.0	18	18.1	10	10.0	47.1	47	0.9	2.5033950805664062e-05	1.6020331382751465
72	0	0.4554838709677419	0.026317520070156322	0.432258064516129	0.49677419354838714	5373	5374.0	18	16.5	10	9.4	42.5	47	0.9	3.8623809814453125e-05	1.6245098114013672
73	0	0.45612903225806456	0.02842373002827188	0.432258064516129	0.5096774193548388	5373	5374.0	18	16.6	10	9.7	43.3	47	0.9	3.528594970703125e-05	1.59498929977417
74	0	0.4516129032258064	0.0270660347914878	0.432258064516129	0.49677419354838714	5373	5374.0	18	16.3	10	9.6	42.5	47	0.8	4.696846008300781e-05	1.6206715106964111
75	0	0.45612903225806456	0.030812784351637545	0.432258064516129	0.5161290322580645	5373	5374.0	18	14.5	10	9.1	37.3	47	0.8	3.981590270996094e-05	1.601858139038086
76	0	0.4483870967741935	0.02065523947558984	0.432258064516129	0.4903225806451613	5373	5373.0	18	17.0	10	9.5	43.4	47	0.8	3.6716461181640625e-05	1.5842571258544922
77	0	0.44903225806451613	0.025186091994765326	0.432258064516129	0.5032258064516129	5402	5373.0	18	15.6	10	9.2	39.9	46	0.8	4.458427429199219e-05	1.5306193828582764
78	0	0.4541935483870968	0.029873127491071554	0.432258064516129	0.5225806451612903	5402	5375.9	18	16.2	10	9.5	42.0	46	0.8	4.8160552978515625e-05	1.5387790203094482
79	0	0.4509677419354839	0.02990794061032067	0.432258064516129	0.5161290322580645	5373	5378.8	18	25.8	10	11.0	69.7	47	0.7	2.47955322265625e-05	1.5499651432037354
80	0	0.45677419354838716	0.030778994688713732	0.432258064516129	0.5096774193548388	5373	5375.9	18	16.2	10	9.6	41.9	47	0.8	4.124641418457031e-05	1.488093614578247
81	0	0.4587096774193549	0.03455680449249571	0.432258064516129	0.5290322580645161	5373	5375.9	18	17.3	10	9.6	44.2	47	0.8	3.4332275390625e-05	1.5161659717559814
82	0	0.4464516129032258	0.027794399004565182	0.432258064516129	0.5161290322580645	5373	5375.9	18	16.7	10	9.6	43.7	47	0.7	3.886222839355469e-05	1.5528342723846436
83	0	0.45032258064516134	0.02853334759676903	0.432258064516129	0.5096774193548388	5373	5378.8	18	15.1	10	9.0	39.0	47	0.8	4.2438507080078125e-05	1.6282641887664795
84	0	0.45612903225806456	0.031480962319369934	0.432258064516129	0.5161290322580645	5373	5378.8	18	16.5	10	9.4	42.5	47	0.8	4.0531158447265625e-05	1.5823171138763428
85	0	0.45419354838709686	0.03428472324022304	0.432258064516129	0.5419354838709678	5373	5375.9	18	16.7	10	9.5	43.0	47	0.8	2.574920654296875e-05	1.6744439601898193
86	0	0.44967741935483874	0.027227029478721534	0.432258064516129	0.5032258064516129	5373	5375.9	18	17.3	10	9.8	45.1	47	0.8	3.719329833984375e-05	1.6224298477172852
87	0	0.4548387096774194	0.029317594238714252	0.432258064516129	0.5096774193548388	5373	5375.9	18	19.9	10	10.1	52.6	47	0.8	4.38690185546875e-05	1.5806546211242676
88	0	0.455483870967742	0.03015050695625271	0.432258064516129	0.5161290322580645	5373	5381.7	18	23.5	10	10.0	63.7	47	0.8	4.4345855712890625e-05	1.6057984828948975
89	0	0.4522580645161291	0.029345975265920417	0.432258064516129	0.5032258064516129	5373	5378.8	18	15.7	10	9.4	40.4	47	0.8	4.315376281738281e-05	1.5982232093811035
90	0	0.45032258064516134	0.025449139255891658	0.432258064516129	0.49677419354838714	5373	5375.9	18	20.6	10	10.6	54.3	47	0.8	3.743171691894531e-05	1.6208515167236328
91	0	0.45354838709677425	0.02629378564169657	0.432258064516129	0.4903225806451613	5373	5375.9	18	14.4	10	9.1	37.1	47	0.8	3.314018249511719e-05	1.597353219985962
92	0	0.4548387096774194	0.028010701091732162	0.432258064516129	0.49677419354838714	5373	5373.6	18	16.5	10	9.5	42.5	47	0.8	3.6716461181640625e-05	1.5893070697784424
93	0	0.44967741935483874	0.023625591514323308	0.432258064516129	0.49677419354838714	5373	5375.9	18	24.8	10	10.3	66.9	47	0.8	4.291534423828125e-05	1.618706464767456
94	0	0.46064516129032257	0.03512427764855794	0.432258064516129	0.5161290322580645	5373	5378.8	18	20.6	10	9.9	54.7	47	0.8	3.9577484130859375e-05	1.6009318828582764
95	0	0.4483870967741936	0.023484225449292007	0.432258064516129	0.4903225806451613	5373	5378.8	18	16.1	10	9.5	41.3	47	0.8	3.266334533691406e-05	1.5760242938995361
96	0	0.4625806451612903	0.03860739174290883	0.432258064516129	0.5354838709677419	5373	5378.8	18	16.4	10	9.6	42.3	47	0.8	4.363059997558594e-05	1.6186096668243408
97	0	0.4522580645161291	0.02472744244740233	0.432258064516129	0.4903225806451613	5373	5375.9	18	14.9	10	9.2	38.5	47	0.8	3.075599670410156e-05	1.612121820449829
98	0	0.4612903225806452	0.03560097977115199	0.432258064516129	0.5096774193548388	5373	5378.8	18	15.8	10	9.5	41.1	47	0.8	4.410743713378906e-05	1.6037356853485107
99	0	0.4522580645161291	0.025717588939348057	0.432258064516129	0.5032258064516129	5373	5375.9	18	15.7	10	9.2	40.1	47	0.8	3.123283386230469e-05	1.630406379699707
100	0	0.4600000000000001	0.03486856546289462	0.432258064516129	0.5161290322580645	5373	5378.8	18	17.3	10	10.0	44.9	47	0.8	3.981590270996094e-05	1.5956156253814697
101	0	0.4593548387096774	0.03803716896253852	0.432258064516129	0.5290322580645161	5373	5375.9	18	16.7	10	9.7	42.9	47	0.8	3.0279159545898438e-05	1.5594933032989502
102	0	0.4580645161290323	0.0317377390354809	0.432258064516129	0.5032258064516129	5373	5375.9	18	21.0	10	10.3	55.4	47	0.8	3.457069396972656e-05	1.5943262577056885
103	0	0.4580645161290323	0.03401658406829438	0.432258064516129	0.5225806451612903	5373	5378.8	18	16.7	10	9.6	42.9	47	0.8	3.504753112792969e-05	1.5805995464324951
104	0	0.4638709677419355	0.041556601071452696	0.432258064516129	0.5419354838709678	5373	5378.8	18	17.6	10	9.9	45.5	47	0.8	3.552436828613281e-05	1.5668823719024658
105	0	0.447741935483871	0.02417418580025188	0.432258064516129	0.49677419354838714	5373	5375.9	18	20.1	10	10.2	53.2	47	0.7	3.3855438232421875e-05	1.5337920188903809
106	0	0.45419354838709686	0.029025088720521293	0.432258064516129	0.5096774193548388	5373	5375.9	18	19.2	10	10.0	50.3	47	0.8	3.4809112548828125e-05	1.4329254627227783
107	0	0.4509677419354839	0.023695958286718662	0.432258064516129	0.4903225806451613	5373	5381.7	18	16.7	10	9.5	42.6	47	0.8	3.218650817871094e-05	1.5394892692565918
108	0	0.45677419354838716	0.0337463144016052	0.432258064516129	0.5354838709677419	5373	5375.9	18	14.4	10	9.1	37.1	47	0.8	2.7894973754882812e-05	1.5847241878509521
109	0	0.45677419354838716	0.03324928703671001	0.432258064516129	0.5290322580645161	5373	5375.9	18	14.6	10	9.1	37.9	47	0.8	3.0994415283203125e-05	1.4646430015563965
110	0	0.4516129032258065	0.024819850402156587	0.432258064516129	0.49677419354838714	5373	5375.9	18	24.3	10	10.3	66.0	47	0.8	4.2438507080078125e-05	1.6661298274993896
111	0	0.4683870967741936	0.050156881872456295	0.432258064516129	0.5870967741935484	5373	5375.9	18	20.4	10	10.3	53.5	47	0.8	4.363059997558594e-05	1.6411104202270508
112	0	0.45419354838709686	0.027553750327822757	0.432258064516129	0.49677419354838714	5373	5375.9	18	16.8	10	9.6	43.0	47	0.8	4.100799560546875e-05	1.5790419578552246
113	0	0.44451612903225807	0.022058478706166153	0.432258064516129	0.49677419354838714	5373	5378.8	18	21.7	10	10.4	57.1	47	0.8	3.886222839355469e-05	1.6580796241760254
114	0	0.4587096774193549	0.03257265951319829	0.432258064516129	0.5032258064516129	5373	5374.8	18	18.7	10	9.9	47.6	47	0.8	3.790855407714844e-05	1.5924525260925293
115	0	0.46193548387096783	0.038623560121537476	0.432258064516129	0.5290322580645161	5373	5381.7	18	19.6	10	10.1	50.9	47	0.8	4.8160552978515625e-05	1.6127982139587402
116	0	0.4516129032258065	0.023966678220653827	0.432258064516129	0.4903225806451613	5373	5378.8	18	14.5	10	9.0	37.2	47	0.8	4.100799560546875e-05	1.5830113887786865
117	0	0.45354838709677425	0.02629378564169657	0.432258064516129	0.4903225806451613	5373	5375.9	18	17.6	10	9.7	45.4	47	0.8	4.363059997558594e-05	1.6132352352142334
118	0	0.44580645161290333	0.02148493652302802	0.432258064516129	0.4903225806451613	5373	5375.9	18	16.0	10	9.4	41.6	47	0.7	4.649162292480469e-05	1.6064140796661377
119	0	0.4606451612903227	0.036745886105543614	0.432258064516129	0.5290322580645161	5373	5375.9	18	15.5	10	9.4	39.9	47	0.8	4.57763671875e-05	1.6078400611877441
120	0	0.46064516129032257	0.03536048930592188	0.432258064516129	0.5161290322580645	5373	5375.9	18	24.4	10	10.1	66.2	47	0.8	4.291534423828125e-05	1.6265366077423096
121	0	0.46580645161290324	0.041591642480738586	0.432258064516129	0.5290322580645161	5373	5378.8	18	15.8	10	9.5	40.5	47	0.8	4.00543212890625e-05	1.6233563423156738
122	0	0.44903225806451613	0.03150078868576437	0.432258064516129	0.5354838709677419	5373	5375.9	18	16.4	10	9.7	42.8	47	0.7	5.459785461425781e-05	1.5621743202209473
123	0	0.4522580645161291	0.024727442447402333	0.432258064516129	0.4903225806451613	5373	5375.9	18	14.5	10	8.7	37.0	47	0.8	3.743171691894531e-05	1.6104378700256348
124	0	0.45354838709677425	0.027073722914009418	0.432258064516129	0.49677419354838714	5373	5375.9	18	18.3	10	9.7	47.2	47	0.8	4.1961669921875e-05	1.6310436725616455
125	0	0.45032258064516134	0.022124423483202902	0.432258064516129	0.4774193548387097	5373	5378.8	18	16.0	10	9.4	41.1	47	0.8	3.337860107421875e-05	1.5914998054504395
126	0	0.4516129032258065	0.026443743912153823	0.432258064516129	0.5096774193548388	5373	5375.9	18	17.7	10	9.9	46.0	47	0.8	4.1961669921875e-05	1.6281592845916748
127	0	0.4490322580645162	0.02694272647460789	0.432258064516129	0.5096774193548388	5373	5375.9	18	16.3	10	9.5	41.8	47	0.7	3.5762786865234375e-05	1.6097934246063232
128	0	0.4600000000000001	0.03592685365761511	0.432258064516129	0.5225806451612903	5373	5378.8	18	17.8	10	10.0	46.3	47	0.8	4.3392181396484375e-05	1.6082799434661865
129	0	0.4541935483870968	0.028881328110450827	0.432258064516129	0.5161290322580645	5373	5375.9	18	13.3	10	8.6	34.1	47	0.8	4.1484832763671875e-05	1.6186232566833496
130	0	0.44516129032258067	0.021004929801418985	0.432258064516129	0.4903225806451613	5373	5375.9	18	18.7	10	10.1	48.5	47	0.8	3.695487976074219e-05	1.6483018398284912
131	0	0.45612903225806456	0.03148096231936995	0.432258064516129	0.5225806451612903	5373	5378.8	18	16.1	10	9.4	41.7	47	0.8	3.123283386230469e-05	1.5571560859680176
132	0	0.455483870967742	0.028591638459561745	0.432258064516129	0.49677419354838714	5373	5378.8	18	18.6	10	10.0	47.7	47	0.8	3.933906555175781e-05	1.5655624866485596
133	0	0.45741935483870977	0.03631862695493567	0.432258064516129	0.5225806451612903	5373	5378.8	18	16.7	10	9.6	42.7	47	0.8	4.172325134277344e-05	1.5592243671417236
134	0	0.45741935483870966	0.032316076868046946	0.432258064516129	0.5161290322580645	5373	5378.8	18	19.8	10	10.4	51.6	47	0.8	3.8623809814453125e-05	1.5455131530761719
135	0	0.455483870967742	0.03028824411433679	0.432258064516129	0.5096774193548388	5373	5375.9	18	17.7	10	9.7	45.4	47	0.8	2.7894973754882812e-05	1.3798656463623047
136	0	0.4587096774193549	0.03270019586444955	0.432258064516129	0.5096774193548388	5373	5372.5	18	16.6	10	9.5	43.4	47	0.8	3.814697265625e-05	1.3307256698608398
137	0	0.4625806451612903	0.03795500923892317	0.432258064516129	0.5225806451612903	5373	5378.8	18	20.3	10	10.2	53.6	47	0.8	2.7418136596679688e-05	1.4606208801269531
138	0	0.45290322580645165	0.032102852399031566	0.432258064516129	0.5161290322580645	5373	5375.9	18	17.9	10	9.8	46.4	47	0.8	3.933906555175781e-05	1.5490410327911377
139	0	0.4548387096774194	0.028598916463614843	0.432258064516129	0.5032258064516129	5373	5378.8	18	13.4	10	8.7	34.3	47	0.8	2.765655517578125e-05	1.4660348892211914
140	0	0.4541935483870968	0.029025088720521272	0.432258064516129	0.5161290322580645	5373	5378.8	18	16.8	10	9.6	43.5	47	0.8	5.650520324707031e-05	1.5579113960266113
141	0	0.45612903225806456	0.03751378518737196	0.432258064516129	0.5290322580645161	5373	5375.9	18	17.1	10	9.6	44.3	47	0.8	4.38690185546875e-05	1.6514222621917725
142	0	0.45612903225806456	0.029991327223663145	0.432258064516129	0.5096774193548388	5373	5378.8	18	16.0	10	9.7	41.3	47	0.8	4.1961669921875e-05	1.5484075546264648
143	0	0.4612903225806452	0.03697736743459898	0.432258064516129	0.5161290322580645	5373	5381.7	18	14.5	10	9.2	37.7	47	0.8	4.076957702636719e-05	1.5813612937927246
144	0	0.4548387096774194	0.030295114533868125	0.432258064516129	0.5161290322580645	5373	5382.2	18	13.5	10	8.7	34.5	47	0.8	4.410743713378906e-05	1.585507869720459
145	0	0.45677419354838716	0.040062386312929084	0.432258064516129	0.5354838709677419	5373	5375.9	18	15.6	10	9.1	39.9	47	0.8	4.2438507080078125e-05	1.59651517868042
146	0	0.45741935483870977	0.03218701853746177	0.432258064516129	0.5096774193548388	5373	5377.6	18	17.8	10	9.9	46.0	47	0.8	4.363059997558594e-05	1.5896637439727783
147	0	0.455483870967742	0.028881328110450848	0.432258064516129	0.49677419354838714	5373	5375.9	18	16.4	10	9.4	42.0	47	0.8	2.7894973754882812e-05	1.5951581001281738
148	0	0.44967741935483874	0.023625591514323308	0.432258064516129	0.49677419354838714	5373	5375.9	18	15.5	10	9.1	39.3	47	0.8	5.412101745605469e-05	1.563103199005127
149	0	0.4419354838709677	0.01983280793411536	0.432258064516129	0.4903225806451613	5373	5375.9	18	19.0	10	10.1	48.8	47	0.8	3.695487976074219e-05	1.5793662071228027
150	0	0.44967741935483874	0.026608504035227475	0.432258064516129	0.4903225806451613	5373	5375.9	18	16.0	10	9.5	41.3	47	0.8	3.9577484130859375e-05	1.6292803287506104
151	0	0.45032258064516134	0.02231176318166527	0.432258064516129	0.4838709677419355	5373	5378.8	18	15.2	10	9.1	38.5	47	0.8	4.2438507080078125e-05	1.5927913188934326
152	0	0.4522580645161291	0.025717588939348057	0.432258064516129	0.5032258064516129	5373	5377.9	18	17.0	10	9.6	43.8	47	0.8	3.790855407714844e-05	1.5781223773956299
153	0	0.4587096774193549	0.03357939014109188	0.432258064516129	0.5161290322580645	5373	5375.9	18	15.0	10	9.1	38.8	47	0.8	2.4557113647460938e-05	1.5689966678619385
154	0	0.4587096774193549	0.03357939014109188	0.432258064516129	0.5161290322580645	5373	5381.7	18	16.8	10	9.6	43.5	47	0.8	3.0040740966796875e-05	1.6106829643249512
155	0	0.4425806451612903	0.016873157200802607	0.432258064516129	0.4774193548387097	5373	5378.8	18	17.9	10	9.8	45.7	47	0.8	3.8623809814453125e-05	1.617699146270752
156	0	0.45612903225806456	0.03924893206259389	0.432258064516129	0.5612903225806452	5373	5381.9	18	17.6	10	9.6	45.4	47	0.8	3.600120544433594e-05	1.5789828300476074
157	0	0.45741935483870977	0.03205744064207703	0.432258064516129	0.5161290322580645	5373	5375.9	18	18.7	10	9.6	49.2	47	0.8	4.100799560546875e-05	1.591275930404663
158	0	0.45741935483870966	0.031533804928645	0.432258064516129	0.5032258064516129	5373	5375.9	18	17.4	10	9.6	45.6	47	0.8	5.269050598144531e-05	1.573540449142456
159	0	0.44516129032258067	0.02721938465771482	0.432258064516129	0.5161290322580645	5373	5381.7	18	15.6	10	9.3	40.4	47	0.8	3.4809112548828125e-05	1.5375347137451172
160	0	0.4587096774193549	0.03766880148901936	0.432258064516129	0.5354838709677419	5373	5387.5	18	15.1	10	9.5	39.6	47	0.8	3.910064697265625e-05	1.5443534851074219
161	0	0.45612903225806456	0.029430954136663356	0.432258064516129	0.49677419354838714	5373	5375.9	18	15.0	10	9.3	38.5	47	0.8	4.1961669921875e-05	1.4867486953735352
162	0	0.4522580645161291	0.025061838192974244	0.432258064516129	0.49677419354838714	5373	5379.0	18	19.6	10	10.0	50.7	47	0.8	3.0994415283203125e-05	1.4123315811157227
163	0	0.46580645161290324	0.041791315459875224	0.432258064516129	0.5290322580645161	5373	5381.7	18	17.0	10	9.8	43.7	47	0.8	3.457069396972656e-05	1.4092261791229248
164	0	0.4670967741935484	0.04609179638578516	0.432258064516129	0.5548387096774193	5373	5375.9	18	14.7	10	9.3	38.1	47	0.8	3.218650817871094e-05	1.4210052490234375
165	0	0.4548387096774194	0.030704526540105283	0.432258064516129	0.5161290322580645	5373	5378.8	18	16.8	10	9.6	43.3	47	0.8	2.3365020751953125e-05	1.5097386837005615
166	0	0.45032258064516134	0.028823623101533757	0.432258064516129	0.5032258064516129	5373	5378.8	18	21.1	10	10.0	55.7	47	0.7	2.86102294921875e-05	1.505929708480835
167	0	0.45354838709677425	0.03174429574230335	0.432258064516129	0.5290322580645161	5373	5378.8	18	18.0	10	9.7	46.1	47	0.8	2.7179718017578125e-05	1.5482032299041748
168	0	0.4612903225806452	0.036977367434598965	0.432258064516129	0.5290322580645161	5373	5375.9	18	15.7	10	9.3	40.0	47	0.8	4.00543212890625e-05	1.6040260791778564
169	0	0.45290322580645165	0.03362274637624616	0.432258064516129	0.5290322580645161	5373	5375.9	18	19.2	10	10.3	50.9	47	0.8	3.361701965332031e-05	1.5994246006011963
170	0	0.46580645161290324	0.048947294808750104	0.432258064516129	0.5870967741935484	5373	5375.9	18	20.6	10	10.4	54.1	47	0.8	4.8160552978515625e-05	1.6112027168273926
171	0	0.46322580645161293	0.04078317581749447	0.432258064516129	0.5354838709677419	5373	5375.7	18	15.1	10	9.3	38.9	47	0.8	2.956390380859375e-05	1.629575252532959
172	0	0.4587096774193549	0.03971280876519327	0.432258064516129	0.5548387096774193	5373	5375.9	18	17.5	10	9.9	45.3	47	0.8	3.170967102050781e-05	1.6091561317443848
173	0	0.4522580645161291	0.02877303628513258	0.432258064516129	0.5032258064516129	5373	5375.9	18	15.5	10	9.3	39.9	47	0.8	4.57763671875e-05	1.60843825340271
174	0	0.4587096774193549	0.03550732362791488	0.432258064516129	0.5290322580645161	5373	5379.8	18	16.8	10	9.6	43.1	47	0.8	3.0279159545898438e-05	1.6292328834533691
175	0	0.46580645161290324	0.05159677167259926	0.432258064516129	0.5870967741935484	5373	5375.9	18	16.2	10	9.8	42.4	47	0.8	3.9577484130859375e-05	1.6087956428527832
176	0	0.45612903225806456	0.03302948577076183	0.432258064516129	0.5290322580645161	5373	5381.7	18	15.2	10	9.3	38.9	47	0.8	4.57763671875e-05	1.5711770057678223
177	0	0.46193548387096783	0.03741935483870968	0.432258064516129	0.5290322580645161	5373	5384.6	18	18.4	10	10.1	47.7	47	0.8	2.9325485229492188e-05	1.6346499919891357
178	0	0.4548387096774194	0.028598916463614843	0.432258064516129	0.5032258064516129	5373	5381.7	18	17.1	10	9.6	44.1	47	0.8	3.218650817871094e-05	1.5909810066223145
179	0	0.4516129032258065	0.02379237279301391	0.432258064516129	0.4838709677419355	5373	5378.8	18	14.4	10	9.0	37.1	47	0.8	4.172325134277344e-05	1.5698621273040771
180	0	0.45612903225806456	0.03067740239475805	0.432258064516129	0.5096774193548388	5373	5375.9	18	15.7	10	9.3	40.3	47	0.8	4.3392181396484375e-05	1.5944585800170898
181	0	0.4612903225806452	0.03764669538295525	0.432258064516129	0.5290322580645161	5373	5381.7	18	14.0	10	9.0	36.1	47	0.8	3.24249267578125e-05	1.5748794078826904
182	0	0.45354838709677425	0.03067740239475803	0.432258064516129	0.5161290322580645	5373	5375.9	18	15.9	10	9.3	40.8	47	0.8	4.291534423828125e-05	1.6786761283874512
183	0	0.45290322580645165	0.032361125687701824	0.432258064516129	0.5290322580645161	5373	5375.9	18	19.9	10	10.1	52.9	47	0.8	5.1021575927734375e-05	1.6065857410430908
184	0	0.45677419354838716	0.03274471623341812	0.432258064516129	0.5096774193548388	5373	5381.7	18	18.3	10	10.2	47.4	47	0.8	3.6716461181640625e-05	1.6448609828948975
185	0	0.4600000000000001	0.03522486114766116	0.432258064516129	0.5161290322580645	5373	5375.9	18	15.5	10	9.4	40.2	47	0.8	4.601478576660156e-05	1.646878719329834
186	0	0.45612903225806456	0.030947574077965053	0.432258064516129	0.5161290322580645	5373	5378.8	18	18.6	10	10.1	48.9	47	0.8	3.5762786865234375e-05	1.6834602355957031
187	0	0.4548387096774194	0.03548387096774196	0.432258064516129	0.5290322580645161	5373	5378.8	18	16.8	10	9.7	43.2	47	0.8	4.458427429199219e-05	1.7157185077667236
188	0	0.4619354838709677	0.04517971974196542	0.432258064516129	0.5741935483870968	5373	5381.7	18	17.0	10	9.6	43.9	47	0.8	4.673004150390625e-05	1.6806881427764893
189	0	0.45677419354838716	0.03471902979889991	0.432258064516129	0.5290322580645161	5373	5378.8	18	16.3	10	9.5	41.9	47	0.8	4.100799560546875e-05	1.6165680885314941
190	0	0.4548387096774194	0.030839789426366768	0.432258064516129	0.5225806451612903	5373	5381.7	18	16.6	10	9.4	42.7	47	0.8	4.863739013671875e-05	1.6921055316925049
191	0	0.4580645161290323	0.03510056905480116	0.432258064516129	0.5225806451612903	5373	5375.9	18	19.9	10	10.4	52.7	47	0.8	4.744529724121094e-05	1.688082218170166
192	0	0.4587096774193549	0.03382639155849893	0.432258064516129	0.5161290322580645	5373	5375.9	18	14.8	10	9.0	38.1	47	0.8	4.458427429199219e-05	1.643523931503296
193	0	0.45677419354838716	0.03324928703671001	0.432258064516129	0.5290322580645161	5373	5378.8	18	18.6	10	9.8	48.9	47	0.8	2.9325485229492188e-05	1.615903615951538
194	0	0.44967741935483874	0.022543748657620842	0.432258064516129	0.4903225806451613	5373	5375.9	18	16.5	10	9.4	41.9	47	0.8	4.3392181396484375e-05	1.6620960235595703
195	0	0.4490322580645162	0.024685324477043875	0.432258064516129	0.49677419354838714	5373	5378.8	18	21.8	10	10.3	57.9	47	0.8	3.933906555175781e-05	1.6542346477508545
196	0	0.4587096774193549	0.03357939014109188	0.432258064516129	0.5161290322580645	5373	5378.8	18	14.5	10	9.1	37.4	47	0.8	4.57763671875e-05	1.594440221786499
197	0	0.45741935483870977	0.03205744064207703	0.432258064516129	0.5161290322580645	5373	5378.8	18	16.8	10	9.6	43.2	47	0.8	4.029273986816406e-05	1.5643045902252197
198	0	0.4548387096774194	0.030295114533868125	0.432258064516129	0.5225806451612903	5373	5379.0	18	16.9	10	9.7	43.2	47	0.8	4.7206878662109375e-05	1.5961804389953613
199	0	0.44967741935483874	0.028423730028271855	0.432258064516129	0.5161290322580645	5373	5375.9	18	14.4	10	8.9	37.1	47	0.8	3.337860107421875e-05	1.621260166168213
200	0	0.45354838709677425	0.026608504035227472	0.432258064516129	0.4903225806451613	5373	5375.9	18	16.7	10	9.6	43.4	47	0.8	4.220008850097656e-05	1.6609537601470947
201	0	0.4593548387096774	0.034357488917920884	0.432258064516129	0.5161290322580645	5373	5378.8	18	15.8	10	9.5	40.8	47	0.8	2.9325485229492188e-05	1.6080830097198486
202	0	0.4490322580645162	0.026475205843462205	0.432258064516129	0.49677419354838714	5373	5375.9	18	16.6	10	9.6	42.5	47	0.7	3.457069396972656e-05	1.6542775630950928
203	0	0.447741935483871	0.02417418580025188	0.432258064516129	0.49677419354838714	5373	5375.9	18	14.8	10	9.0	37.8	47	0.8	2.956390380859375e-05	1.595487356185913
204	0	0.4600000000000001	0.04080868284095089	0.432258064516129	0.5612903225806452	5373	5375.9	18	16.6	10	9.9	43.4	47	0.8	4.0531158447265625e-05	1.6290662288665771
205	0	0.45032258064516134	0.02794375203575189	0.432258064516129	0.5032258064516129	5373	5378.8	18	16.2	10	9.4	41.8	47	0.7	4.38690185546875e-05	1.6331052780151367
206	0	0.4600000000000001	0.03751378518737193	0.432258064516129	0.5354838709677419	5373	5378.8	18	14.9	10	9.2	38.5	47	0.8	3.552436828613281e-05	1.6569950580596924
207	0	0.4600000000000001	0.036157822630198864	0.432258064516129	0.5290322580645161	5373	5375.9	18	16.5	10	9.6	42.5	47	0.8	5.340576171875e-05	1.651911735534668
208	0	0.4580645161290323	0.034381709921223816	0.432258064516129	0.5290322580645161	5373	5381.7	18	15.4	10	9.0	39.2	47	0.8	2.9087066650390625e-05	1.6259937286376953
209	0	0.4600000000000001	0.03474898841160058	0.432258064516129	0.5161290322580645	5373	5375.9	18	15.3	10	9.5	39.6	47	0.8	4.458427429199219e-05	1.5441021919250488
210	0	0.45290322580645165	0.03157996967876236	0.432258064516129	0.5032258064516129	5373	5375.9	18	15.5	10	9.7	40.5	47	0.8	3.504753112792969e-05	1.554086446762085
211	0	0.45677419354838716	0.035781740964805284	0.432258064516129	0.5290322580645161	5373	5378.8	18	17.2	10	9.8	44.1	47	0.8	4.124641418457031e-05	1.5278897285461426
212	0	0.45290322580645165	0.03362274637624616	0.432258064516129	0.5290322580645161	5373	5375.9	18	16.5	10	9.7	42.7	47	0.8	4.076957702636719e-05	1.5565385818481445
213	0	0.46322580645161293	0.04756724797720457	0.432258064516129	0.5870967741935484	5373	5384.6	18	15.7	10	9.6	40.9	47	0.8	2.9325485229492188e-05	1.4863777160644531
214	0	0.447741935483871	0.024853368108720304	0.432258064516129	0.49677419354838714	5373	5384.6	18	17.1	10	9.9	44.0	47	0.8	3.4332275390625e-05	1.4929399490356445
215	0	0.45612903225806456	0.03148096231936995	0.432258064516129	0.5225806451612903	5373	5379.7	18	15.7	10	9.3	40.4	47	0.8	3.886222839355469e-05	1.6192841529846191
216	0	0.45290322580645165	0.03471902979889988	0.432258064516129	0.5354838709677419	5373	5375.9	18	19.7	10	10.3	52.0	47	0.8	2.5272369384765625e-05	1.6249654293060303
217	0	0.4593548387096774	0.033249287036710005	0.432258064516129	0.5032258064516129	5373	5378.5	18	15.5	10	9.4	40.2	47	0.8	3.886222839355469e-05	1.623589277267456
218	0	0.44967741935483874	0.023625591514323308	0.432258064516129	0.49677419354838714	5373	5375.9	18	17.4	10	9.4	44.5	47	0.8	4.100799560546875e-05	1.7060189247131348
219	0	0.44709677419354843	0.02344875076824033	0.432258064516129	0.49677419354838714	5373	5379.8	18	20.2	10	10.2	53.4	47	0.8	4.4345855712890625e-05	1.699280023574829
220	0	0.45741935483870977	0.03282723673086079	0.432258064516129	0.5161290322580645	5373	5378.8	18	14.6	10	8.9	37.7	47	0.8	3.1948089599609375e-05	1.6491079330444336
221	0	0.45354838709677425	0.026608504035227472	0.432258064516129	0.49677419354838714	5373	5375.9	18	15.3	10	9.1	39.4	47	0.8	4.38690185546875e-05	1.6328864097595215
222	0	0.455483870967742	0.03428472324022304	0.432258064516129	0.5419354838709678	5373	5375.9	18	15.3	10	9.4	39.8	47	0.8	4.220008850097656e-05	1.6795246601104736
223	0	0.4522580645161291	0.02698132085977613	0.432258064516129	0.49677419354838714	5373	5378.8	18	19.4	10	10.1	50.4	47	0.8	2.7894973754882812e-05	1.6983978748321533
224	0	0.455483870967742	0.03317409066369662	0.432258064516129	0.5161290322580645	5373	5378.8	18	15.8	10	9.6	41.4	47	0.8	4.76837158203125e-05	1.686779260635376
225	0	0.4587096774193549	0.03538990490813542	0.432258064516129	0.5354838709677419	5373	5378.8	18	15.9	10	9.3	41.0	47	0.8	4.4345855712890625e-05	1.637901782989502
226	0	0.4580645161290323	0.03401658406829438	0.432258064516129	0.5225806451612903	5373	5375.9	18	16.1	10	9.4	41.3	47	0.8	3.910064697265625e-05	1.6466858386993408
227	0	0.46580645161290324	0.04605566012277355	0.432258064516129	0.567741935483871	5373	5378.8	18	13.7	10	8.9	35.3	47	0.8	4.5299530029296875e-05	1.612863302230835
228	0	0.4587096774193549	0.034436144890535536	0.432258064516129	0.5225806451612903	5373	5375.9	18	26.3	10	11.7	71.4	47	0.8	4.00543212890625e-05	1.6744937896728516
229	0	0.45419354838709686	0.027249951073474693	0.432258064516129	0.49677419354838714	5373	5378.8	18	15.2	10	9.4	39.2	47	0.8	4.57763671875e-05	1.6890475749969482
230	0	0.447741935483871	0.025514477333271227	0.4258064516129032	0.49677419354838714	5418	5378.8	23	18.4	11	9.8	48.2	61	0.8	3.838539123535156e-05	1.7027866840362549
231	0	0.45354838709677425	0.02943095413666334	0.4258064516129032	0.5161290322580645	5418	5393.9	23	13.7	11	8.8	35.6	61	0.8	3.0040740966796875e-05	1.6253023147583008
232	0	0.45419354838709686	0.029168140788276946	0.4258064516129032	0.5032258064516129	5418	5384.6	23	15.1	11	9.2	39.2	61	0.8	4.124641418457031e-05	1.6130831241607666
233	0	0.45354838709677425	0.03012979207441451	0.4258064516129032	0.5096774193548388	5418	5380.4	23	18.0	11	9.5	45.9	61	0.8	4.220008850097656e-05	1.642505407333374
234	0	0.46193548387096783	0.039370700135206084	0.4258064516129032	0.5225806451612903	5418	5384.9	23	16.7	11	9.6	43.3	61	0.8	4.0531158447265625e-05	1.6753015518188477
235	0	0.44580645161290333	0.019018584481269255	0.4258064516129032	0.4774193548387097	5418	5384.9	23	16.7	11	9.3	42.8	61	0.8	4.220008850097656e-05	1.6577486991882324
236	0	0.4483870967741936	0.031108550841912747	0.4258064516129032	0.5161290322580645	5418	5389.4	23	16.6	11	9.6	43.3	61	0.7	4.100799560546875e-05	1.6764519214630127
237	0	0.4587096774193549	0.03574100383087626	0.4258064516129032	0.5290322580645161	5418	5389.4	23	19.0	11	9.8	49.2	61	0.8	4.601478576660156e-05	1.716827392578125
238	0	0.455483870967742	0.03228386065341111	0.4258064516129032	0.5161290322580645	5418	5389.4	23	17.1	11	9.7	45.0	61	0.8	4.220008850097656e-05	1.734093189239502
239	0	0.45677419354838716	0.03210285239903155	0.4258064516129032	0.5032258064516129	5418	5389.4	23	16.4	11	9.6	42.7	61	0.8	2.765655517578125e-05	1.6272740364074707
240	0	0.44967741935483874	0.02629378564169655	0.4258064516129032	0.5032258064516129	5418	5396.8	23	22.1	11	10.6	58.1	61	0.8	4.029273986816406e-05	1.725987195968628
241	0	0.45032258064516134	0.02794375203575191	0.4258064516129032	0.49677419354838714	5418	5392.3	23	18.0	11	9.7	46.1	61	0.8	4.9114227294921875e-05	1.6040165424346924
242	0	0.44516129032258067	0.01869855064024444	0.4258064516129032	0.4774193548387097	5418	5392.3	23	17.7	11	9.6	45.7	61	0.8	3.695487976074219e-05	1.5652861595153809
243	0	0.4561290322580646	0.03522486114766117	0.4258064516129032	0.5290322580645161	5418	5384.9	23	15.7	11	9.3	40.5	61	0.8	3.0517578125e-05	1.6056790351867676
244	0	0.45354838709677425	0.02871511365711986	0.4258064516129032	0.5032258064516129	5418	5383.3	23	16.2	11	9.1	41.5	61	0.8	3.170967102050781e-05	1.6278889179229736
245	0	0.45354838709677425	0.02871511365711986	0.4258064516129032	0.5032258064516129	5418	5383.3	23	18.7	11	10.0	48.7	61	0.8	5.1021575927734375e-05	1.596472978591919
246	0	0.45419354838709686	0.028881328110450827	0.4258064516129032	0.5032258064516129	5418	5389.4	23	15.3	11	9.1	39.1	61	0.8	4.1484832763671875e-05	1.6048524379730225
247	0	0.45419354838709686	0.030288244114336782	0.4258064516129032	0.5161290322580645	5418	5395.2	23	20.8	11	10.5	54.4	61	0.8	2.4080276489257812e-05	1.658825159072876
248	0	0.4516129032258065	0.025644654083034586	0.4258064516129032	0.49677419354838714	5418	5386.2	23	14.8	11	9.0	37.9	61	0.8	3.933906555175781e-05	1.659487009048462
249	0	0.44580645161290333	0.02167780337601477	0.4258064516129032	0.4903225806451613	5418	5384.9	23	16.9	11	9.7	43.9	61	0.8	5.221366882324219e-05	1.6864738464355469
250	0	0.45612903225806456	0.032393265059698556	0.4258064516129032	0.5161290322580645	5418	5384.9	23	23.4	11	10.5	62.1	61	0.8	5.555152893066406e-05	1.6708488464355469
251	0	0.4612903225806452	0.03786717571826889	0.4258064516129032	0.5290322580645161	5418	5389.4	23	21.1	11	10.3	56.0	61	0.8	3.790855407714844e-05	1.657536506652832
252	0	0.45741935483870977	0.03257265951319829	0.4258064516129032	0.5032258064516129	5418	5395.2	23	19.3	11	10.3	50.1	61	0.8	4.1961669921875e-05	1.6865408420562744
253	0	0.455483870967742	0.031500788685764405	0.4258064516129032	0.5161290322580645	5418	5389.4	23	20.9	11	10.1	55.0	61	0.8	3.933906555175781e-05	1.67622971534729
254	0	0.4483870967741936	0.026483065486159748	0.4258064516129032	0.49677419354838714	5418	5384.9	23	21.1	11	10.1	55.9	61	0.8	3.9577484130859375e-05	1.6555912494659424
255	0	0.455483870967742	0.030288244114336806	0.4258064516129032	0.49677419354838714	5418	5383.3	23	15.9	11	9.6	41.5	61	0.8	5.91278076171875e-05	1.6065006256103516
256	0	0.45677419354838716	0.03287158503963095	0.4258064516129032	0.5161290322580645	5418	5387.5	23	15.6	11	9.5	40.6	61	0.8	4.673004150390625e-05	1.5520861148834229
257	0	0.4561290322580646	0.032776479473240104	0.4258064516129032	0.5225806451612903	5418	5393.9	23	17.6	11	9.9	45.2	61	0.8	2.6464462280273438e-05	1.6238422393798828
258	0	0.45419354838709686	0.030833040375092963	0.4258064516129032	0.5161290322580645	5418	5389.4	23	15.6	11	9.3	40.1	61	0.8	4.4345855712890625e-05	1.5745985507965088
259	0	0.45741935483870977	0.03382639155849893	0.4258064516129032	0.5161290322580645	5418	5384.9	23	15.8	11	9.3	40.7	61	0.8	4.220008850097656e-05	1.6749663352966309
260	0	0.4548387096774194	0.031639225381262535	0.4258064516129032	0.5225806451612903	5418	5384.9	23	18.5	11	10.1	48.3	61	0.8	3.790855407714844e-05	1.6118919849395752
261	0	0.46193548387096783	0.04051695088543893	0.4258064516129032	0.5483870967741935	5418	5389.4	23	28.3	11	11.3	77.4	61	0.8	4.315376281738281e-05	1.672745943069458
262	0	0.4593548387096774	0.035076844436305	0.4258064516129032	0.5161290322580645	5418	5393.9	23	20.1	11	10.2	52.0	61	0.8	4.315376281738281e-05	1.7726640701293945
263	0	0.4522580645161291	0.02682661017586037	0.4258064516129032	0.5032258064516129	5418	5386.2	23	14.4	11	8.9	37.0	61	0.8	3.337860107421875e-05	1.715174674987793
264	0	0.45741935483870966	0.0349162816199608	0.4258064516129032	0.5290322580645161	5418	5389.4	23	15.9	11	9.4	40.9	61	0.8	3.910064697265625e-05	1.6599931716918945
265	0	0.45354838709677425	0.02871511365711986	0.4258064516129032	0.5032258064516129	5418	5389.4	23	18.3	11	10.0	47.7	61	0.8	4.506111145019531e-05	1.6599628925323486
266	0	0.4445161290322582	0.023342003245323296	0.4258064516129032	0.4903225806451613	5418	5383.3	23	16.6	11	9.7	43.1	61	0.8	5.0067901611328125e-05	1.631960153579712
267	0	0.4600000000000001	0.0383911627014499	0.4258064516129032	0.5354838709677419	5418	5389.4	23	15.6	11	9.2	40.3	61	0.8	4.38690185546875e-05	1.6293730735778809
268	0	0.4522580645161291	0.02682661017586037	0.4258064516129032	0.5032258064516129	5418	5384.9	23	17.2	11	9.3	44.1	61	0.8	4.1961669921875e-05	1.7269432544708252
269	0	0.4548387096774194	0.03292851652948347	0.4258064516129032	0.5225806451612903	5418	5396.8	23	17.2	11	9.5	44.2	61	0.8	4.172325134277344e-05	1.641113042831421
270	0	0.4612903225806452	0.03764669538295526	0.4258064516129032	0.5225806451612903	5418	5383.3	23	18.6	11	10.0	48.1	61	0.8	3.981590270996094e-05	1.6273176670074463
271	0	0.4541935483870968	0.03915868620772521	0.4258064516129032	0.5612903225806452	5418	5387.8	23	21.1	11	10.3	54.7	61	0.8	4.3392181396484375e-05	1.6482470035552979
272	0	0.4464516129032258	0.02076577669604011	0.4258064516129032	0.4774193548387097	5418	5384.9	23	14.9	11	8.8	37.6	61	0.8	4.267692565917969e-05	1.625490427017212
273	0	0.455483870967742	0.031500788685764405	0.4258064516129032	0.5161290322580645	5418	5383.3	23	16.2	11	9.5	41.9	61	0.8	5.817413330078125e-05	1.655026912689209
274	0	0.4606451612903227	0.036518636640219135	0.4258064516129032	0.5161290322580645	5418	5389.4	23	15.6	11	9.5	40.6	61	0.8	4.38690185546875e-05	1.6033716201782227
275	0	0.4464516129032258	0.020965260399060548	0.4258064516129032	0.4838709677419355	5418	5383.3	23	18.6	11	9.9	48.1	61	0.8	4.100799560546875e-05	1.6796410083770752
276	0	0.4419354838709677	0.021830870084759535	0.4258064516129032	0.49677419354838714	5418	5383.3	23	16.4	11	9.5	42.4	61	0.8	4.9114227294921875e-05	1.6483075618743896
277	0	0.46580645161290324	0.05102895466654241	0.4258064516129032	0.5935483870967742	5418	5385.0	23	16.1	11	9.3	41.6	61	0.8	4.38690185546875e-05	1.6774570941925049
278	0	0.45741935483870977	0.03455680449249571	0.4258064516129032	0.5290322580645161	5418	5389.4	23	16.9	11	9.7	43.4	61	0.8	4.0531158447265625e-05	1.6617107391357422
279	0	0.4593548387096774	0.03647301683897438	0.4258064516129032	0.5290322580645161	5418	5380.4	23	18.0	11	9.7	47.0	61	0.8	2.7179718017578125e-05	1.5975241661071777
280	0	0.455483870967742	0.03202496424771835	0.4258064516129032	0.5225806451612903	5418	5384.9	23	17.8	11	9.6	45.6	61	0.8	4.458427429199219e-05	1.6048634052276611
281	0	0.4522580645161291	0.02862800997720489	0.4258064516129032	0.5161290322580645	5418	5395.2	23	14.9	11	9.0	38.3	61	0.8	3.933906555175781e-05	1.5485949516296387
282	0	0.46709677419354845	0.04600140250316358	0.4258064516129032	0.5483870967741935	5418	5394.5	23	16.9	11	9.7	43.8	61	0.8	2.5510787963867188e-05	1.6113920211791992
283	0	0.45677419354838716	0.03554832855214428	0.4258064516129032	0.5225806451612903	5418	5387.8	23	17.5	11	9.7	45.3	61	0.8	3.695487976074219e-05	1.6840012073516846
284	0	0.455483870967742	0.03228386065341111	0.4258064516129032	0.5161290322580645	5418	5383.3	23	21.8	11	10.6	57.4	61	0.8	3.9577484130859375e-05	1.6935503482818604
285	0	0.45096774193548395	0.024558537175063597	0.4258064516129032	0.4903225806451613	5418	5384.9	23	20.0	11	10.0	51.8	61	0.8	4.100799560546875e-05	1.6774117946624756
286	0	0.4587096774193549	0.03574100383087626	0.4258064516129032	0.5290322580645161	5418	5396.8	23	17.3	11	9.8	45.0	61	0.8	6.0558319091796875e-05	1.7321481704711914
287	0	0.4612903225806452	0.03916400054393855	0.4258064516129032	0.5354838709677419	5418	5384.9	23	16.9	11	9.7	43.8	61	0.8	3.24249267578125e-05	1.5854902267456055
288	0	0.4516129032258065	0.027219384657714823	0.4258064516129032	0.5032258064516129	5418	5393.9	23	15.6	11	9.2	40.2	61	0.8	2.6941299438476562e-05	1.644594430923462
289	0	0.45677419354838716	0.04430525087326296	0.41290322580645167	0.5419354838709678	5373	5387.8	9	19.8	9	10.4	51.1	25	0.8	3.933906555175781e-05	1.6341161727905273
290	0	0.4593548387096774	0.04026964266923157	0.41290322580645167	0.5161290322580645	5373	5387.8	9	13.6	9	8.9	35.4	25	0.9	4.100799560546875e-05	1.6364333629608154
291	0	0.4509677419354839	0.029060917753690865	0.41290322580645167	0.49677419354838714	5373	5383.3	9	18.2	9	9.6	47.5	25	0.9	3.9577484130859375e-05	1.6931965351104736
292	0	0.4458064516129032	0.034193548387096755	0.41290322580645167	0.5161290322580645	5374	5384.9	9	15.8	9	9.8	41.8	25	0.9	5.53131103515625e-05	1.6876564025878906
293	0	0.4522580645161291	0.03699987344242494	0.41290322580645167	0.5161290322580645	5374	5385.2	9	14.3	9	9.2	37.3	25	0.9	3.7670135498046875e-05	1.6045000553131104
294	0	0.44709677419354843	0.03315526492265701	0.41290322580645167	0.5225806451612903	5374	5380.7	9	14.1	9	9.3	37.3	25	0.9	4.2438507080078125e-05	1.64971923828125
295	0	0.4516129032258065	0.035921060405354976	0.41290322580645167	0.5225806451612903	5374	5389.5	9	16.6	9	9.9	43.5	25	0.9	4.363059997558594e-05	1.6586716175079346
296	0	0.45290322580645165	0.03647301683897435	0.41290322580645167	0.5161290322580645	5374	5380.7	9	12.2	9	8.7	32.1	25	0.9	4.0531158447265625e-05	1.6481893062591553
297	0	0.45290322580645165	0.037596909120860555	0.41290322580645167	0.5290322580645161	5374	5385.1	9	15.7	9	9.5	41.1	25	0.9	2.6226043701171875e-05	1.6101832389831543
298	0	0.4490322580645162	0.03594422781208805	0.41290322580645167	0.5290322580645161	5374	5385.0	9	14.3	9	9.3	37.3	25	0.9	4.506111145019531e-05	1.6146092414855957
299	0	0.4522580645161291	0.03491628161996079	0.41290322580645167	0.5032258064516129	5374	5385.0	9	13.1	9	8.8	34.1	25	0.9	2.9325485229492188e-05	1.6583843231201172
300	0	0.44000000000000006	0.030233224551896712	0.41290322580645167	0.5032258064516129	5373	5380.6	9	13.2	9	9.2	34.5	25	0.9	4.410743713378906e-05	1.655890941619873
301	0	0.44580645161290333	0.03073162674532787	0.41290322580645167	0.4903225806451613	5373	5385.1	9	12.9	9	9.1	33.8	25	1.0	5.555152893066406e-05	1.6607701778411865
302	0	0.44967741935483874	0.036157822630198816	0.41290322580645167	0.5032258064516129	5373	5380.6	9	10.9	9	8.5	28.9	25	1.0	4.792213439941406e-05	1.5963244438171387
303	0	0.4522580645161291	0.039291328976993826	0.41290322580645167	0.5161290322580645	5373	5385.0	9	12.6	9	8.8	33.0	25	1.0	4.124641418457031e-05	1.611598253250122
304	0	0.44064516129032255	0.032264515483999966	0.41290322580645167	0.49677419354838714	5374	5383.6	9	15.7	9	9.8	42.0	25	1.0	4.38690185546875e-05	1.7695066928863525
305	0	0.4483870967741936	0.03916400054393854	0.41290322580645167	0.5225806451612903	5374	5378.0	9	12.2	9	9.0	32.7	25	1.0	3.790855407714844e-05	1.6503336429595947
306	0	0.4490322580645162	0.03883849533752881	0.41290322580645167	0.5096774193548388	5374	5378.0	9	16.9	9	9.8	44.5	25	1.0	2.765655517578125e-05	1.6852855682373047
307	0	0.4490322580645162	0.03829889568943439	0.41290322580645167	0.5032258064516129	5374	5377.9	9	12.7	9	9.4	33.7	25	1.0	4.00543212890625e-05	1.6824944019317627
308	0	0.44967741935483874	0.04121464839660498	0.41290322580645167	0.5290322580645161	5374	5378.1	9	10.9	9	8.7	29.0	25	1.0	4.8160552978515625e-05	1.7599003314971924
309	0	0.4387096774193549	0.03987493455577403	0.41290322580645167	0.5290322580645161	5374	5378.0	9	11.8	9	9.1	31.9	25	0.9	2.8133392333984375e-05	1.6377630233764648
310	0	0.44129032258064527	0.03488646666992457	0.41290322580645167	0.49677419354838714	5374	5386.9	9	18.8	9	10.0	50.2	25	0.9	4.220008850097656e-05	1.6370184421539307
311	0	0.44451612903225807	0.036999873442424926	0.41290322580645167	0.5032258064516129	5374	5377.9	9	12.1	9	8.9	32.2	25	0.9	3.719329833984375e-05	1.6769046783447266
312	0	0.4393548387096775	0.03777913799214801	0.41290322580645167	0.49677419354838714	5374	5377.9	13	14.3	10	9.3	39.4	33	0.9	5.3882598876953125e-05	1.6615407466888428
313	0	0.4541935483870968	0.052190318493307554	0.41290322580645167	0.5419354838709678	5374	5373.7	13	11.6	10	9.4	30.9	33	0.9	4.887580871582031e-05	1.6078822612762451
314	0	0.4393548387096775	0.04084946095039154	0.41290322580645167	0.5161290322580645	5374	5373.6	9	13.2	9	9.3	35.8	25	0.9	4.1484832763671875e-05	1.6588330268859863
315	0	0.44516129032258067	0.04039348604515747	0.41290322580645167	0.5096774193548388	5374	5373.9	9	10.1	9	8.8	26.7	25	0.9	5.1021575927734375e-05	1.6132614612579346
316	0	0.4490322580645162	0.046719656748984956	0.41290322580645167	0.5419354838709678	5374	5373.8	9	15.7	9	9.8	42.0	25	0.9	4.5299530029296875e-05	1.6190972328186035
317	0	0.44516129032258067	0.04039348604515746	0.41290322580645167	0.5032258064516129	5374	5373.6	9	10.6	9	8.9	28.1	25	0.9	3.910064697265625e-05	1.6166646480560303
318	0	0.435483870967742	0.035011518841845474	0.41290322580645167	0.5032258064516129	5374	5373.9	9	10.7	9	8.9	28.3	25	0.9	3.62396240234375e-05	1.6438958644866943
319	0	0.4419354838709678	0.036638118360001755	0.41290322580645167	0.5096774193548388	5374	5374.6	9	9.4	9	8.4	24.7	25	0.9	4.553794860839844e-05	1.691396951675415
320	0	0.4541935483870968	0.0515483467237114	0.41290322580645167	0.5419354838709678	5374	5373.8	9	10.0	9	8.6	26.4	25	0.9	4.8160552978515625e-05	1.6701886653900146
321	0	0.4438709677419356	0.03847239100871114	0.41290322580645167	0.5032258064516129	5374	5373.9	9	13.7	9	9.7	37.5	25	0.9	4.220008850097656e-05	1.699676752090454
322	0	0.43741935483870975	0.03770745599019987	0.41290322580645167	0.5032258064516129	5374	5373.7	9	11.3	9	9.5	30.3	25	0.9	4.410743713378906e-05	1.6496715545654297
323	0	0.4458064516129032	0.040849460950391527	0.41290322580645167	0.5032258064516129	5374	5373.8	9	12.2	9	9.1	32.2	25	0.9	2.5987625122070312e-05	1.625077486038208
324	0	0.4432258064516129	0.037624576288576315	0.41290322580645167	0.5032258064516129	5374	5373.9	9	9.5	9	8.5	25.3	25	0.9	4.220008850097656e-05	1.6817843914031982
325	0	0.435483870967742	0.03652433510895009	0.41290322580645167	0.5096774193548388	5374	5373.8	9	15.8	9	9.9	42.9	25	0.8	4.1484832763671875e-05	1.7576520442962646
326	0	0.4483870967741936	0.04462818994973225	0.41290322580645167	0.5225806451612903	5374	5373.7	9	12.4	9	9.8	33.6	25	0.9	2.6464462280273438e-05	1.6862592697143555
327	0	0.44580645161290333	0.045842784318685194	0.41290322580645167	0.5419354838709678	5374	5373.9	9	10.5	9	8.8	27.8	25	0.9	3.147125244140625e-05	1.6552727222442627
328	0	0.4438709677419356	0.04765467177450162	0.41290322580645167	0.5290322580645161	5374	5373.9	9	15.4	9	9.7	41.7	25	0.9	4.6253204345703125e-05	1.7125821113586426
329	0	0.44967741935483874	0.04741386845593063	0.41290322580645167	0.5419354838709678	5374	5373.9	9	9.1	9	8.7	24.2	25	0.9	4.792213439941406e-05	1.7409050464630127
330	0	0.4419354838709678	0.035950017330980716	0.41290322580645167	0.49677419354838714	5374	5373.9	9	9.7	9	8.8	25.6	25	0.9	4.00543212890625e-05	1.5808663368225098
331	0	0.447741935483871	0.04271727834128216	0.41290322580645167	0.5032258064516129	5374	5373.8	9	12.7	9	9.5	33.4	25	0.9	4.363059997558594e-05	1.675788402557373
332	0	0.44709677419354843	0.04280002139515348	0.41290322580645167	0.5161290322580645	5374	5373.9	9	12.7	9	9.3	34.3	25	0.9	4.792213439941406e-05	1.6635639667510986
333	0	0.4329032258064517	0.04064516129032258	0.41290322580645167	0.5290322580645161	5374	5373.9	9	13.4	9	10.3	37.7	25	0.7	4.100799560546875e-05	1.6427059173583984
334	0	0.4393548387096774	0.0329537878428958	0.41290322580645167	0.4903225806451613	5374	5373.9	9	9.7	9	8.7	26.0	25	0.9	4.601478576660156e-05	1.648059606552124
335	0	0.44967741935483874	0.04534983682784508	0.41290322580645167	0.5161290322580645	5374	5373.8	9	13.5	9	9.3	36.2	25	0.9	2.8848648071289062e-05	1.653817892074585
336	0	0.43419354838709684	0.034987733839887084	0.40645161290322585	0.49677419354838714	5376	5373.8	17	23.3	10	10.8	65.3	44	0.9	2.8848648071289062e-05	1.7442798614501953
337	0	0.44064516129032266	0.03627275560482734	0.40645161290322585	0.49677419354838714	5376	5374.5	17	18.1	10	9.8	47.6	44	1.0	4.6253204345703125e-05	1.6137254238128662
338	0	0.4348387096774194	0.029873127491071527	0.40645161290322585	0.4903225806451613	5376	5374.3	17	11.1	10	9.0	29.4	44	1.0	4.649162292480469e-05	1.6508302688598633
339	0	0.43677419354838715	0.030812784351637527	0.40645161290322585	0.4774193548387097	5376	5373.9	17	9.9	10	8.6	25.8	44	1.0	4.100799560546875e-05	1.6191105842590332
340	0	0.45354838709677425	0.05328344874827343	0.40645161290322585	0.5419354838709678	5376	5374.3	17	9.8	10	8.6	26.0	44	1.0	4.076957702636719e-05	1.598755121231079
341	0	0.44451612903225807	0.04095122857434409	0.40645161290322585	0.5032258064516129	5376	5374.5	17	21.9	10	11.1	58.9	44	1.0	3.0040740966796875e-05	1.6050853729248047
342	0	0.4458064516129032	0.042251907948472056	0.40645161290322585	0.5032258064516129	5376	5373.2	17	11.2	10	8.8	29.5	44	1.0	2.8848648071289062e-05	1.676466464996338
343	0	0.45290322580645165	0.052158407564923154	0.40645161290322585	0.5483870967741935	5376	5373.9	17	11.0	10	8.9	28.4	44	1.0	5.1975250244140625e-05	1.6329383850097656
344	0	0.4329032258064517	0.03218701853746172	0.40645161290322585	0.4903225806451613	5376	5373.9	17	9.8	10	8.7	26.1	44	1.0	3.62396240234375e-05	1.6734938621520996
345	0	0.44451612903225807	0.04054262540223218	0.40645161290322585	0.5032258064516129	5376	5374.2	17	14.1	10	9.4	38.1	44	1.0	4.1484832763671875e-05	1.7235679626464844
346	0	0.4438709677419356	0.04088510843291575	0.40645161290322585	0.5225806451612903	5376	5374.1	17	10.6	10	8.9	27.8	44	1.0	3.981590270996094e-05	1.6331877708435059
347	0	0.4419354838709678	0.041636652387774316	0.40645161290322585	0.5290322580645161	5376	5374.5	17	16.5	10	9.8	44.0	44	1.0	4.76837158203125e-05	1.6812326908111572
348	0	0.4419354838709678	0.03841284037833338	0.40645161290322585	0.5161290322580645	5376	5374.4	17	8.6	10	8.0	22.7	44	1.0	3.361701965332031e-05	1.6420660018920898
349	0	0.44129032258064516	0.04041408971191177	0.40645161290322585	0.5225806451612903	5376	5374.2	17	11.7	10	9.2	30.8	44	1.0	4.982948303222656e-05	1.670799732208252
350	0	0.44580645161290333	0.04235030563168078	0.40645161290322585	0.5096774193548388	5376	5374.5	17	14.2	10	9.5	38.4	44	1.0	2.8371810913085938e-05	1.6858234405517578
351	0	0.447741935483871	0.04443658156831627	0.40645161290322585	0.5161290322580645	5376	5374.5	17	11.2	10	8.9	29.8	44	1.0	2.956390380859375e-05	1.6862828731536865
352	0	0.4322580645161291	0.03238683973680288	0.40645161290322585	0.5032258064516129	5376	5374.5	17	14.2	10	9.8	36.8	44	1.0	4.220008850097656e-05	1.715395450592041
353	0	0.44516129032258067	0.041511504366826865	0.40645161290322585	0.5096774193548388	5376	5376.2	17	19.7	10	10.5	53.7	44	1.0	4.0531158447265625e-05	1.8097212314605713
354	0	0.4419354838709678	0.04618651955895596	0.40645161290322585	0.5225806451612903	5376	5374.4	17	15.8	10	9.7	41.7	44	0.9	4.1961669921875e-05	1.6529922485351562
355	0	0.4464516129032258	0.04316317079658766	0.40645161290322585	0.5161290322580645	5376	5374.5	17	12.4	10	9.0	31.7	44	1.0	5.14984130859375e-05	1.6594398021697998
356	0	0.45096774193548395	0.048404298017813374	0.40645161290322585	0.5225806451612903	5376	5374.2	17	10.3	10	8.7	26.8	44	1.0	4.315376281738281e-05	1.630599021911621
357	0	0.4483870967741936	0.0460059264155021	0.40645161290322585	0.5225806451612903	5376	5374.0	17	11.0	10	8.9	28.8	44	1.0	4.267692565917969e-05	1.625131368637085
358	0	0.4438709677419356	0.0396446232148057	0.40645161290322585	0.5032258064516129	5376	5374.0	17	9.2	10	8.5	24.6	44	1.0	4.291534423828125e-05	1.6057839393615723
359	0	0.44451612903225807	0.041154008861463365	0.40645161290322585	0.5161290322580645	5376	5374.5	17	14.7	10	9.1	38.6	44	1.0	4.124641418457031e-05	1.5706069469451904
360	0	0.44516129032258067	0.04497658079466675	0.40645161290322585	0.5354838709677419	5376	5376.1	17	13.0	10	9.3	33.4	44	1.0	4.291534423828125e-05	1.638026237487793
361	0	0.43354838709677423	0.03386943160879141	0.40645161290322585	0.5032258064516129	5376	5374.5	17	10.7	10	8.9	28.2	44	1.0	4.00543212890625e-05	1.6112620830535889
362	0	0.4580645161290323	0.06038378816411656	0.40645161290322585	0.5806451612903225	5376	5374.2	17	10.2	10	9.1	27.3	44	1.0	4.100799560546875e-05	1.6447856426239014
363	0	0.4419354838709678	0.03916400054393853	0.40645161290322585	0.5161290322580645	5376	5374.7	17	11.3	10	9.1	29.8	44	1.0	4.38690185546875e-05	1.6676297187805176
364	0	0.43612903225806454	0.041128716001314104	0.40645161290322585	0.5225806451612903	5399	5375.9	17	14.0	10	9.6	36.0	44	0.9	3.0279159545898438e-05	1.6474876403808594
365	0	0.44580645161290333	0.04529473372507897	0.40645161290322585	0.5290322580645161	5399	5379.6	17	13.4	10	9.4	34.9	44	0.9	2.6464462280273438e-05	1.6725661754608154
366	0	0.4264516129032258	0.03179670072348798	0.4	0.5032258064516129	5412	5384.4	17	13.5	10	9.7	35.1	44	0.9	3.790855407714844e-05	1.6645171642303467
367	0	0.44000000000000006	0.039222410718892015	0.4	0.5032258064516129	5412	5380.5	17	11.2	10	8.8	29.1	44	0.9	3.123283386230469e-05	1.6402671337127686
368	0	0.4432258064516129	0.045533032228629367	0.4	0.5290322580645161	5412	5389.5	17	17.2	10	10.2	44.3	44	0.9	4.887580871582031e-05	1.6694092750549316
369	0	0.4438709677419356	0.044586200111409	0.4	0.5161290322580645	5412	5388.1	17	12.6	10	9.2	32.8	44	0.9	3.0279159545898438e-05	1.5786192417144775
370	0	0.45225806451612904	0.06197915127289016	0.4	0.5935483870967742	5412	5390.8	17	15.0	10	9.3	38.4	44	0.9	3.790855407714844e-05	1.5883862972259521
371	0	0.44709677419354843	0.048197477924180006	0.4	0.5290322580645161	5412	5389.5	17	15.3	10	9.4	38.8	44	0.9	4.482269287109375e-05	1.662118673324585
372	0	0.4425806451612903	0.044623526363330515	0.4	0.5290322580645161	5412	5387.2	17	12.0	10	8.7	30.8	44	0.9	4.506111145019531e-05	1.7247438430786133
373	0	0.43677419354838715	0.03546040279654526	0.4	0.49677419354838714	5412	5393.1	17	13.7	10	8.9	34.5	44	0.9	3.743171691894531e-05	1.6796092987060547
374	0	0.435483870967742	0.04320654361355667	0.4	0.5032258064516129	5455	5390.6	17	14.1	10	9.4	36.7	44	0.8	2.5272369384765625e-05	1.7098157405853271
375	0	0.4419354838709678	0.04564259653115868	0.4	0.5290322580645161	5455	5406.8	17	16.4	10	9.8	42.5	44	0.8	4.2438507080078125e-05	1.7713019847869873
376	0	0.4464516129032258	0.04995731789059595	0.4	0.5290322580645161	5455	5400.7	17	15.9	10	9.5	40.4	44	0.8	5.340576171875e-05	1.646960973739624
377	0	0.4419354838709678	0.04830099866901878	0.4	0.5354838709677419	5455	5394.9	17	14.4	10	9.6	37.2	44	0.8	5.1975250244140625e-05	1.726121425628662
378	0	0.4490322580645162	0.054377567756659265	0.4	0.5483870967741935	5455	5398.9	17	13.9	10	9.2	35.5	44	0.8	4.1484832763671875e-05	1.6254527568817139
379	0	0.4322580645161291	0.032258064516129004	0.4	0.4774193548387097	5455	5398.7	17	12.0	10	8.7	30.7	44	0.8	3.552436828613281e-05	1.6807527542114258
380	0	0.42774193548387107	0.03839116270144989	0.4	0.5161290322580645	5441	5411.1	18	13.5	10	9.2	34.5	46	0.8	4.6253204345703125e-05	1.638608455657959
381	0	0.4419354838709678	0.04812834039111808	0.4	0.5161290322580645	5441	5422.0	18	12.2	10	8.8	31.7	46	0.8	4.8160552978515625e-05	1.629319667816162
382	0	0.44064516129032255	0.045715493517566104	0.4	0.5161290322580645	5441	5422.0	18	15.3	10	9.6	39.1	46	0.8	4.1484832763671875e-05	1.7047889232635498
383	0	0.42774193548387096	0.03795500923892315	0.4	0.5032258064516129	5441	5421.2	18	15.9	10	9.6	40.5	46	0.7	4.267692565917969e-05	1.612743616104126
384	0	0.4341935483870968	0.039460461118382	0.4	0.4903225806451613	5441	5428.7	18	14.9	10	9.0	38.0	46	0.7	4.506111145019531e-05	1.631840705871582
385	0	0.42774193548387096	0.03871505339013548	0.4	0.49677419354838714	5441	5423.7	18	16.0	10	9.5	41.0	46	0.7	2.7894973754882812e-05	1.6095311641693115
386	0	0.4380645161290323	0.04727320026250935	0.4	0.5096774193548388	5441	5437.8	18	14.7	10	9.2	37.3	46	0.8	4.57763671875e-05	1.6321613788604736
387	0	0.43677419354838715	0.04260507608025563	0.4	0.49677419354838714	5441	5437.8	18	16.8	10	9.9	42.9	46	0.8	4.38690185546875e-05	1.674954891204834
388	0	0.4296774193548387	0.04725118302864656	0.4	0.5354838709677419	5441	5439.2	18	16.4	10	9.7	42.0	46	0.8	4.601478576660156e-05	1.6708338260650635
389	0	0.4309677419354839	0.040166148171028065	0.4	0.5161290322580645	5441	5440.6	18	15.2	10	9.1	38.5	46	0.8	2.6226043701171875e-05	1.6593742370605469
390	0	0.43741935483870964	0.04569272570226005	0.4	0.5161290322580645	5441	5437.1	18	17.0	10	9.8	43.7	46	0.8	3.981590270996094e-05	1.688878059387207
391	0	0.44000000000000006	0.05231776756829236	0.4	0.5548387096774193	5441	5444.9	18	17.7	10	10.0	44.8	46	0.8	3.4809112548828125e-05	1.6555514335632324
392	0	0.4341935483870968	0.04151651753082881	0.4	0.5032258064516129	5441	5441.5	18	16.0	10	9.7	40.6	46	0.8	4.5299530029296875e-05	1.601557731628418
393	0	0.4341935483870968	0.04091055190319404	0.4	0.4903225806451613	5441	5442.9	18	18.4	10	10.1	47.1	46	0.8	4.0531158447265625e-05	1.5817952156066895
394	0	0.432258064516129	0.03934955014703715	0.4	0.5032258064516129	5441	5441.5	18	16.9	10	9.6	43.0	46	0.8	2.6702880859375e-05	1.587744951248169
395	0	0.4419354838709677	0.05179403699722914	0.4	0.5354838709677419	5441	5440.6	18	15.0	10	9.2	38.1	46	0.8	3.910064697265625e-05	1.6894211769104004
396	0	0.4270967741935484	0.039222410718892015	0.4	0.5032258064516129	5441	5444.0	18	13.7	10	8.6	34.7	46	0.8	3.814697265625e-05	1.6177606582641602
397	0	0.44000000000000006	0.048262204411006565	0.4	0.5161290322580645	5441	5444.3	18	15.7	10	9.6	40.4	46	0.8	3.552436828613281e-05	1.6450154781341553
398	0	0.44451612903225807	0.05439670064059699	0.4	0.5290322580645161	5441	5444.7	18	16.1	10	9.6	40.8	46	0.8	3.838539123535156e-05	1.497873306274414
399	0	0.42774193548387096	0.04141613895665555	0.4	0.5032258064516129	5422	5440.6	23	16.3	12	9.7	41.1	58	0.8	3.4809112548828125e-05	1.6317079067230225
400	0	0.4303225806451613	0.04819747792418	0.4	0.5354838709677419	5458	5436.1	18	14.9	10	9.2	38.0	46	0.8	4.3392181396484375e-05	1.697251319885254
401	0	0.4438709677419356	0.05510750065564546	0.4	0.5290322580645161	5458	5446.4	18	15.3	10	9.4	38.7	46	0.9	3.743171691894531e-05	1.6308717727661133
402	0	0.4354838709677419	0.04387571131850142	0.4	0.5032258064516129	5458	5440.3	18	16.2	10	9.6	41.1	46	0.9	4.673004150390625e-05	1.6861588954925537
403	0	0.4270967741935484	0.034957979830049196	0.4	0.4838709677419355	5458	5445.3	18	16.1	10	9.6	40.9	46	0.9	4.553794860839844e-05	1.6363446712493896
404	0	0.44129032258064516	0.05219031849330756	0.4	0.5290322580645161	5458	5443.7	18	15.6	10	9.6	39.5	46	0.9	4.744529724121094e-05	1.6729779243469238
405	0	0.4354838709677419	0.04387571131850142	0.4	0.5032258064516129	5458	5441.7	18	16.8	10	9.7	42.0	46	0.9	3.0279159545898438e-05	1.7029080390930176
406	0	0.4393548387096774	0.04883235992300969	0.4	0.5161290322580645	5458	5445.3	18	16.3	10	9.7	41.7	46	0.9	4.887580871582031e-05	1.6694831848144531
407	0	0.4290322580645161	0.04555131124671959	0.4	0.5161290322580645	5458	5443.7	18	15.2	10	9.4	38.9	46	0.8	4.3392181396484375e-05	1.6981658935546875
408	0	0.43612903225806454	0.046091796385785144	0.4	0.5161290322580645	5458	5447.0	18	16.1	10	9.3	40.7	46	0.9	5.054473876953125e-05	1.594665288925171
409	0	0.4387096774193548	0.048193159734149914	0.4	0.5161290322580645	5458	5445.0	18	17.0	10	9.7	43.1	46	0.9	4.315376281738281e-05	1.782120704650879
410	0	0.43612903225806454	0.045363602145153406	0.4	0.5161290322580645	5458	5446.7	18	16.8	10	9.8	43.1	46	0.9	2.956390380859375e-05	1.6613430976867676
411	0	0.43677419354838715	0.045441526846297625	0.4	0.5032258064516129	5458	5445.6	18	17.6	10	9.8	44.7	46	0.9	3.886222839355469e-05	1.7146143913269043
412	0	0.4432258064516129	0.05550262248774995	0.4	0.5354838709677419	5458	5441.7	18	16.2	10	9.4	41.2	46	0.9	4.696846008300781e-05	1.6305291652679443
413	0	0.4432258064516129	0.05899258317727033	0.4	0.5612903225806452	5458	5443.4	18	21.5	10	10.8	55.1	46	0.9	4.1961669921875e-05	1.6382100582122803
414	0	0.42903225806451617	0.04173650061841515	0.4	0.49677419354838714	5458	5443.4	18	17.7	10	10.1	44.8	46	0.9	4.1961669921875e-05	1.6303768157958984
415	0	0.43612903225806454	0.04471670568042182	0.4	0.5032258064516129	5458	5443.9	18	18.4	10	10.1	47.0	46	0.9	4.2438507080078125e-05	1.6425442695617676
416	0	0.42838709677419357	0.04358540839756009	0.4	0.5032258064516129	5458	5442.0	18	17.6	10	10.1	45.4	46	0.9	4.124641418457031e-05	1.607774019241333
417	0	0.435483870967742	0.05461053097757286	0.4	0.5354838709677419	5458	5443.6	18	17.8	10	10.1	45.7	46	0.9	4.1484832763671875e-05	1.6496338844299316
418	0	0.44064516129032266	0.05113081303503112	0.4	0.5225806451612903	5458	5443.4	18	16.8	10	9.4	42.4	46	0.9	4.887580871582031e-05	1.728975534439087
419	0	0.4341935483870968	0.04211376495578732	0.4	0.49677419354838714	5458	5443.9	18	17.1	10	9.9	43.9	46	0.9	4.220008850097656e-05	1.6859049797058105
420	0	0.4316129032258065	0.03897222789816504	0.4	0.4903225806451613	5458	5441.7	18	17.6	10	9.9	44.1	46	0.9	3.933906555175781e-05	1.7102575302124023
421	0	0.44064516129032266	0.051777961876731095	0.4	0.5225806451612903	5458	5442.2	18	15.8	10	9.4	40.3	46	0.9	4.601478576660156e-05	1.6908197402954102
422	0	0.4425806451612903	0.052270010582010536	0.4	0.5161290322580645	5458	5440.3	18	15.4	10	9.2	38.5	46	0.9	5.1021575927734375e-05	1.7213356494903564
423	0	0.4380645161290323	0.04718506968574593	0.4	0.5096774193548388	5458	5443.4	18	15.5	10	9.4	39.3	46	0.9	5.245208740234375e-05	1.6571378707885742
424	0	0.44451612903225807	0.06244748053510326	0.4	0.5935483870967742	5458	5440.3	18	16.6	10	9.7	42.2	46	0.9	4.506111145019531e-05	1.5829665660858154
425	0	0.44000000000000006	0.04903225806451612	0.4	0.5032258064516129	5458	5445.3	18	17.2	10	10.2	44.2	46	0.9	3.600120544433594e-05	1.6543092727661133
426	0	0.4348387096774194	0.04320172656202116	0.4	0.5032258064516129	5458	5442.0	18	15.0	10	9.3	38.0	46	0.9	4.1484832763671875e-05	1.675588846206665
427	0	0.43677419354838715	0.04571549351756613	0.4	0.5096774193548388	5458	5440.1	18	15.9	10	9.4	40.2	46	0.9	4.1961669921875e-05	1.612525224685669
428	0	0.435483870967742	0.048041778557758624	0.4	0.5290322580645161	5458	5443.4	18	20.1	10	10.6	51.7	46	0.9	4.029273986816406e-05	1.6365313529968262
429	0	0.4380645161290323	0.053470600322563774	0.4	0.5483870967741935	5458	5441.7	18	18.4	10	10.2	46.6	46	0.9	3.552436828613281e-05	1.6376323699951172
430	0	0.44000000000000006	0.0508655570178762	0.4	0.5290322580645161	5458	5446.7	18	17.7	10	10.1	44.9	46	0.9	4.363059997558594e-05	1.6284210681915283
431	0	0.4393548387096774	0.04900253768195675	0.4	0.5161290322580645	5458	5443.6	18	15.0	10	9.2	38.3	46	0.9	4.792213439941406e-05	1.6543033123016357
432	0	0.43741935483870964	0.04668400649064656	0.4	0.5161290322580645	5458	5443.6	18	16.9	10	9.8	43.0	46	0.9	4.7206878662109375e-05	1.656287431716919
433	0	0.4348387096774194	0.04480969123660731	0.4	0.5161290322580645	5458	5441.7	18	17.3	10	9.7	43.7	46	0.9	4.100799560546875e-05	1.6004064083099365
434	0	0.43677419354838715	0.04598782809599157	0.4	0.5161290322580645	5458	5443.6	18	16.9	10	9.7	42.9	46	0.9	4.482269287109375e-05	1.689359188079834
435	0	0.44064516129032266	0.05113081303503112	0.4	0.5290322580645161	5458	5445.3	18	17.5	10	10.0	44.1	46	0.9	4.220008850097656e-05	1.6576383113861084
436	0	0.4348387096774194	0.04348980528091024	0.4	0.5096774193548388	5458	5445.3	18	15.5	10	9.3	39.1	46	0.9	4.124641418457031e-05	1.6717860698699951
437	0	0.4425806451612903	0.05376172040257975	0.4	0.5354838709677419	5458	5440.3	18	16.3	10	9.8	41.3	46	0.9	3.1948089599609375e-05	1.624943494796753
438	0	0.44129032258064516	0.05130553639244139	0.4	0.5161290322580645	5458	5441.5	18	14.1	10	8.8	36.2	46	0.9	3.814697265625e-05	1.643584966659546
439	0	0.43612903225806454	0.04545526439692526	0.4	0.5096774193548388	5458	5443.6	18	17.3	10	10.0	44.0	46	0.9	3.8623809814453125e-05	1.7331428527832031
440	0	0.4438709677419356	0.05578313889346394	0.4	0.5483870967741935	5458	5441.7	18	16.7	10	9.6	42.6	46	0.9	3.5762786865234375e-05	1.7458219528198242
441	0	0.4316129032258065	0.04002600611418346	0.4	0.5032258064516129	5458	5445.1	18	19.2	10	9.7	48.1	46	0.9	4.124641418457031e-05	1.7422642707824707
442	0	0.4348387096774194	0.04358540839756008	0.4	0.5032258064516129	5458	5443.6	18	17.5	10	9.9	44.2	46	0.9	2.7894973754882812e-05	1.742823839187622
443	0	0.44451612903225807	0.05838264107040618	0.4	0.5612903225806452	5458	5441.7	18	16.1	10	9.6	41.2	46	0.9	4.076957702636719e-05	1.6858279705047607
444	0	0.4387096774193549	0.0474971930820799	0.4	0.5032258064516129	5458	5445.3	18	15.6	10	9.4	39.7	46	0.9	2.6226043701171875e-05	1.6301052570343018
445	0	0.44064516129032266	0.05014443239180139	0.4	0.5161290322580645	5458	5437.9	18	16.0	10	9.6	40.8	46	0.9	4.2438507080078125e-05	1.6040842533111572
446	0	0.4419354838709678	0.05243300070523577	0.4	0.5290322580645161	5458	5445.6	18	18.3	10	10.1	47.1	46	0.9	2.9802322387695312e-05	1.746443510055542
447	0	0.4419354838709678	0.0533771065596724	0.4	0.5290322580645161	5458	5446.2	18	16.6	10	9.7	42.2	46	0.9	3.814697265625e-05	1.5638020038604736
448	0	0.43741935483870964	0.04641575677059343	0.4	0.5096774193548388	5458	5442.2	18	14.0	10	8.8	35.6	46	0.9	4.0531158447265625e-05	1.669795036315918
449	0	0.44451612903225807	0.055757017075645066	0.4	0.5354838709677419	5458	5440.3	18	18.8	10	9.7	48.7	46	0.9	4.291534423828125e-05	1.704446792602539
450	0	0.43741935483870964	0.04632599502197737	0.4	0.5032258064516129	5458	5443.6	18	14.8	10	9.0	37.6	46	0.9	4.601478576660156e-05	1.6381826400756836
451	0	0.4316129032258065	0.03981748161086313	0.4	0.5032258064516129	5458	5440.3	18	17.8	10	9.8	45.7	46	0.9	4.2438507080078125e-05	1.6722211837768555
452	0	0.4380645161290323	0.047448970343733916	0.4	0.5161290322580645	5458	5443.9	18	15.6	10	9.3	39.5	46	0.9	3.647804260253906e-05	1.6034295558929443
453	0	0.4309677419354839	0.04118939277293513	0.4	0.5032258064516129	5458	5443.7	18	18.9	10	10.4	48.2	46	0.9	4.124641418457031e-05	1.6858017444610596
454	0	0.4387096774193548	0.0476721372952546	0.4	0.5032258064516129	5458	5442.0	18	18.1	10	10.3	45.8	46	0.9	2.9325485229492188e-05	1.7001960277557373
455	0	0.4264516129032258	0.04360927642869983	0.4	0.5290322580645161	5458	5438.4	18	18.5	10	10.3	47.1	46	0.9	4.4345855712890625e-05	1.6931695938110352
456	0	0.44516129032258067	0.05870613247007651	0.4	0.5612903225806452	5458	5440.1	18	15.4	10	9.2	39.0	46	0.9	3.504753112792969e-05	1.6875050067901611
457	0	0.4316129032258065	0.04002600611418346	0.4	0.5032258064516129	5458	5448.1	18	15.5	10	9.1	39.4	46	0.9	4.1961669921875e-05	1.6349353790283203
458	0	0.42838709677419357	0.04387096774193546	0.4	0.5032258064516129	5458	5443.9	18	16.4	10	9.5	41.6	46	0.8	4.291534423828125e-05	1.586007833480835
459	0	0.4380645161290323	0.04891752280585125	0.4	0.5225806451612903	5458	5443.1	18	17.0	10	9.8	43.0	46	0.9	3.5762786865234375e-05	1.6337690353393555
460	0	0.4341935483870968	0.04423473475205662	0.4	0.5225806451612903	5458	5442.2	18	19.0	10	10.3	49.1	46	0.9	3.9577484130859375e-05	1.6663239002227783
461	0	0.4270967741935484	0.04169159850684778	0.4	0.49677419354838714	5458	5443.7	18	15.8	10	9.4	40.1	46	0.9	4.6253204345703125e-05	1.6128771305084229
462	0	0.4309677419354839	0.04596519517563063	0.4	0.5032258064516129	5458	5442.2	18	16.8	10	9.7	42.6	46	0.9	5.316734313964844e-05	1.6018297672271729
463	0	0.4380645161290323	0.0476240917005434	0.4	0.5161290322580645	5458	5443.1	18	16.2	10	9.6	40.8	46	0.9	3.9577484130859375e-05	1.5805726051330566
464	0	0.41741935483870973	0.03510649770429107	0.4	0.49677419354838714	5458	5443.4	18	21.6	10	10.2	56.3	46	0.8	2.9802322387695312e-05	1.7107431888580322
465	0	0.44516129032258067	0.057849062636025524	0.4	0.5548387096774193	5458	5446.7	18	15.2	10	9.4	38.5	46	0.9	3.409385681152344e-05	1.6637272834777832
466	0	0.4432258064516129	0.05351728595455608	0.4	0.5225806451612903	5458	5441.7	18	16.3	10	9.5	41.3	46	0.9	3.2901763916015625e-05	1.6905903816223145
467	0	0.43677419354838715	0.0453498368278451	0.4	0.49677419354838714	5458	5442.0	18	16.7	10	9.8	43.0	46	0.9	4.315376281738281e-05	1.717728614807129
468	0	0.4348387096774194	0.05603626000157023	0.4	0.5612903225806452	5458	5446.7	18	17.6	10	10.0	44.7	46	0.9	4.0531158447265625e-05	1.7244055271148682
469	0	0.44064516129032266	0.054289469642352046	0.4	0.5483870967741935	5458	5448.1	18	16.5	10	9.6	42.2	46	0.9	4.220008850097656e-05	1.6357626914978027
470	0	0.4425806451612904	0.05234958135509882	0.4	0.5161290322580645	5458	5442.0	18	15.6	10	9.5	40.1	46	0.9	2.9802322387695312e-05	1.6437723636627197
471	0	0.44064516129032266	0.0517779618767311	0.4	0.5290322580645161	5458	5440.3	18	17.8	10	10.0	45.6	46	0.9	2.5987625122070312e-05	1.59859037399292
472	0	0.44129032258064516	0.05065235206810456	0.4	0.5096774193548388	5458	5441.7	18	21.2	10	10.2	55.3	46	0.9	4.601478576660156e-05	1.63826584815979
473	0	0.4432258064516129	0.05320527463230755	0.4	0.5161290322580645	5458	5443.9	18	16.3	10	9.5	41.2	46	0.9	4.57763671875e-05	1.5931451320648193
474	0	0.4387096774193549	0.048964299254220064	0.4	0.5290322580645161	5458	5441.7	18	16.9	10	9.9	43.2	46	0.9	3.3855438232421875e-05	1.600903034210205
475	0	0.4193548387096774	0.027066034791487753	0.4	0.46451612903225803	5458	5445.6	18	18.1	10	10.2	46.4	46	0.9	3.600120544433594e-05	1.678025245666504
476	0	0.447741935483871	0.058861908273326664	0.4	0.5290322580645161	5458	5442.0	18	18.6	10	10.3	47.2	46	0.9	2.8848648071289062e-05	1.646454095840454
477	0	0.44129032258064516	0.050816435271007	0.4	0.5161290322580645	5458	5443.7	18	15.6	10	9.6	40.2	46	0.9	3.504753112792969e-05	1.6079788208007812
478	0	0.43354838709677423	0.041189392772935145	0.4	0.4903225806451613	5458	5445.0	18	15.8	10	9.4	40.0	46	0.9	2.9087066650390625e-05	1.6052029132843018
479	0	0.44064516129032266	0.05161693532637319	0.4	0.5290322580645161	5458	5443.6	18	16.2	10	9.7	41.3	46	0.9	4.100799560546875e-05	1.690373420715332
480	0	0.4380645161290323	0.04950956140116043	0.4	0.5161290322580645	5458	5440.1	18	16.4	10	9.6	41.4	46	0.9	2.9325485229492188e-05	1.6693768501281738
481	0	0.43290322580645163	0.04225190794847209	0.4	0.5032258064516129	5458	5443.6	18	18.6	10	10.2	47.7	46	0.9	3.910064697265625e-05	1.609421730041504
482	0	0.4432258064516129	0.05382748873191265	0.4	0.5290322580645161	5458	5445.3	18	15.3	10	9.5	38.8	46	0.9	4.0531158447265625e-05	1.6602683067321777
483	0	0.43612903225806454	0.048037446371577516	0.4	0.5225806451612903	5458	5440.1	18	19.2	10	10.4	48.4	46	0.9	4.2438507080078125e-05	1.6230170726776123
484	0	0.4425806451612903	0.05886190827332666	0.4	0.5806451612903225	5458	5445.6	18	16.4	10	9.5	41.3	46	0.9	4.506111145019531e-05	1.6576249599456787
485	0	0.42774193548387096	0.03438776250641657	0.4	0.4774193548387097	5458	5438.4	18	17.8	10	9.8	45.0	46	0.9	2.6941299438476562e-05	1.5814030170440674
486	0	0.432258064516129	0.042795158585230954	0.4	0.5161290322580645	5458	5443.1	18	18.1	10	10.0	46.7	46	0.9	2.7418136596679688e-05	1.6870410442352295
487	0	0.4187096774193549	0.037668801489019334	0.4	0.5032258064516129	5458	5441.7	18	17.1	10	9.8	43.6	46	0.8	2.5033950805664062e-05	1.6624042987823486
488	0	0.43612903225806454	0.044902484235626615	0.4	0.5032258064516129	5458	5443.6	18	15.3	10	9.4	39.0	46	0.9	4.887580871582031e-05	1.6694278717041016
489	0	0.4419354838709678	0.055141479181526676	0.4	0.5354838709677419	5458	5444.3	18	15.5	10	9.4	39.6	46	0.9	3.1948089599609375e-05	1.6716969013214111
490	0	0.44709677419354843	0.062220446599377706	0.4	0.567741935483871	5458	5441.7	18	16.3	10	9.8	42.0	46	0.9	4.4345855712890625e-05	1.7040479183197021
491	0	0.4225806451612903	0.03595001733098072	0.3935483870967742	0.4774193548387097	5458	5442.0	18	17.8	10	10.0	45.3	46	0.9	3.933906555175781e-05	1.6714465618133545
492	0	0.4393548387096774	0.05164918079903337	0.3935483870967742	0.5290322580645161	5458	5442.5	18	17.8	10	9.9	44.5	46	0.9	4.696846008300781e-05	1.6570851802825928
493	0	0.4348387096774194	0.04443658156831628	0.3935483870967742	0.5032258064516129	5458	5440.8	18	15.4	10	9.3	39.2	46	0.9	3.123283386230469e-05	1.6061348915100098
494	0	0.44064516129032266	0.052098521892186875	0.3935483870967742	0.5161290322580645	5458	5442.4	18	16.6	10	9.5	41.9	46	0.9	4.2438507080078125e-05	1.6455416679382324
495	0	0.45483870967741946	0.07080626791070299	0.3935483870967742	0.5870967741935484	5458	5444.2	18	15.8	10	9.5	40.2	46	0.9	4.315376281738281e-05	1.7049052715301514
496	0	0.4316129032258065	0.04683088888763744	0.3935483870967742	0.5161290322580645	5458	5445.9	18	17.0	10	9.9	43.0	46	0.9	4.76837158203125e-05	1.578399419784546
497	0	0.43677419354838715	0.049053475884568654	0.3935483870967742	0.5354838709677419	5458	5444.2	18	18.5	10	10.2	46.9	46	0.9	3.8623809814453125e-05	1.6367943286895752
498	0	0.42774193548387096	0.03998438821250623	0.3935483870967742	0.5161290322580645	5458	5442.3	18	18.9	10	10.5	48.6	46	0.9	2.8371810913085938e-05	1.656287670135498
499	0	0.4419354838709678	0.056483861756414934	0.3935483870967742	0.5290322580645161	5458	5442.5	18	18.3	10	9.7	47.2	46	0.9	4.482269287109375e-05	1.6392886638641357
500	0	0.4387096774193549	0.04972348094967147	0.3935483870967742	0.5161290322580645	5458	5442.1	18	16.9	10	9.4	42.4	46	0.9	4.363059997558594e-05	1.626331090927124
501	0	0.4316129032258065	0.04529473372507897	0.3935483870967742	0.5161290322580645	5458	5438.7	18	17.1	10	9.8	43.6	46	0.9	4.553794860839844e-05	1.629225254058838
502	0	0.43612903225806454	0.046719656748984956	0.3935483870967742	0.5161290322580645	5458	5442.1	18	16.1	10	9.6	40.7	46	0.9	4.649162292480469e-05	1.7089016437530518
503	0	0.4270967741935484	0.039539492763985974	0.3935483870967742	0.49677419354838714	5458	5442.3	18	16.7	10	9.6	41.9	46	0.9	4.38690185546875e-05	1.5917768478393555
504	0	0.4348387096774194	0.04434281361919892	0.3935483870967742	0.49677419354838714	5458	5444.0	18	16.6	10	9.6	42.3	46	0.9	3.9577484130859375e-05	1.6437735557556152
505	0	0.43741935483870975	0.04843438549451216	0.3935483870967742	0.5225806451612903	5458	5445.5	18	14.6	10	9.2	36.9	46	0.9	4.172325134277344e-05	1.6920886039733887
506	0	0.4393548387096774	0.05221025291918758	0.3935483870967742	0.5290322580645161	5458	5442.5	18	16.8	10	9.5	42.8	46	0.9	4.601478576660156e-05	1.6554486751556396
507	0	0.4425806451612904	0.057212385231988024	0.3935483870967742	0.5548387096774193	5458	5447.6	18	20.3	10	10.6	51.4	46	0.9	4.4345855712890625e-05	1.690375566482544
508	0	0.42774193548387096	0.03795500923892317	0.3935483870967742	0.49677419354838714	5458	5440.4	18	19.4	10	10.1	50.2	46	0.9	3.528594970703125e-05	1.6081783771514893
509	0	0.4309677419354839	0.039958355012134246	0.3935483870967742	0.49677419354838714	5458	5444.0	18	20.9	10	9.9	54.1	46	0.9	4.1484832763671875e-05	1.7229201793670654
510	0	0.4548387096774194	0.07197236144281029	0.3935483870967742	0.5935483870967742	5458	5442.3	18	16.0	10	9.6	40.8	46	0.9	4.267692565917969e-05	1.796804666519165
511	0	0.42000000000000004	0.045202745949944126	0.3935483870967742	0.5354838709677419	5458	5445.9	18	15.7	10	9.4	40.1	46	0.9	4.6253204345703125e-05	1.6985468864440918
512	0	0.4348387096774194	0.046091796385785144	0.3935483870967742	0.5032258064516129	5458	5451.0	18	16.6	10	9.6	42.0	46	1.0	3.266334533691406e-05	1.7059621810913086
513	0	0.43612903225806454	0.05015688187245627	0.3935483870967742	0.5354838709677419	5458	5443.8	18	20.0	10	10.3	51.1	46	1.0	4.6253204345703125e-05	1.7413198947906494
514	0	0.44064516129032266	0.054212746215601855	0.3935483870967742	0.5290322580645161	5458	5443.3	18	18.7	10	10.0	47.1	46	1.0	4.7206878662109375e-05	1.6515655517578125
515	0	0.4387096774193548	0.05343555933122233	0.3935483870967742	0.5290322580645161	5458	5445.7	18	19.3	10	10.4	48.7	46	1.0	4.506111145019531e-05	1.61680006980896
516	0	0.4464516129032258	0.061395495501266134	0.3935483870967742	0.5483870967741935	5458	5445.7	18	19.3	10	10.2	49.2	46	1.0	4.267692565917969e-05	1.673326015472412
517	0	0.43999999999999995	0.054270298954356345	0.3935483870967742	0.5354838709677419	5458	5449.3	18	16.2	10	9.7	41.1	46	1.0	4.887580871582031e-05	1.5850517749786377
518	0	0.4393548387096774	0.051487751490912975	0.3935483870967742	0.5161290322580645	5458	5451.0	18	15.3	10	9.3	38.8	46	1.0	4.57763671875e-05	1.6869258880615234
519	0	0.43290322580645163	0.0471850696857459	0.3935483870967742	0.5354838709677419	5458	5444.0	18	18.5	10	10.3	47.2	46	1.0	3.933906555175781e-05	1.6981821060180664
520	0	0.4341935483870968	0.048968549442957206	0.3935483870967742	0.5354838709677419	5458	5451.3	18	16.6	10	9.7	42.2	46	1.0	3.743171691894531e-05	1.6828911304473877
521	0	0.44064516129032266	0.052733796353340516	0.3935483870967742	0.5161290322580645	5458	5449.3	18	15.9	10	9.5	40.7	46	1.0	4.100799560546875e-05	1.6731033325195312
522	0	0.4354838709677419	0.04838709677419355	0.3935483870967742	0.5225806451612903	5458	5445.4	18	18.0	10	9.8	46.4	46	1.0	4.1961669921875e-05	1.6565899848937988
523	0	0.43354838709677423	0.0474796632076751	0.3935483870967742	0.5161290322580645	5458	5445.7	18	14.1	10	8.9	36.1	46	1.0	3.361701965332031e-05	1.6291346549987793
524	0	0.4348387096774194	0.04618201333722135	0.3935483870967742	0.5032258064516129	5458	5443.8	18	18.1	10	10.1	46.0	46	1.0	3.0279159545898438e-05	1.6585195064544678
525	0	0.42838709677419357	0.0376411668279092	0.3935483870967742	0.4774193548387097	5458	5449.3	18	14.6	10	8.9	36.9	46	1.0	3.147125244140625e-05	1.600588321685791
526	0	0.4387096774193548	0.05209452706628735	0.3935483870967742	0.5225806451612903	5458	5449.3	18	17.8	10	10.1	45.1	46	1.0	4.1484832763671875e-05	1.6339061260223389
527	0	0.4387096774193548	0.05047124442737535	0.3935483870967742	0.5161290322580645	5458	5445.9	18	16.7	10	9.6	42.4	46	1.0	3.981590270996094e-05	1.6834454536437988
528	0	0.4316129032258065	0.04155660107145268	0.3935483870967742	0.4903225806451613	5458	5449.3	18	17.4	10	10.0	43.7	46	1.0	3.8623809814453125e-05	1.6603062152862549
529	0	0.4387096774193548	0.05145136009645647	0.3935483870967742	0.5290322580645161	5458	5449.3	18	16.7	10	9.7	42.4	46	1.0	4.7206878662109375e-05	1.649801254272461
530	0	0.4296774193548387	0.04424884696640578	0.3935483870967742	0.5161290322580645	5458	5449.3	18	16.5	10	9.6	41.8	46	1.0	4.744529724121094e-05	1.6366653442382812
531	0	0.43290322580645163	0.04464683942398954	0.3935483870967742	0.5032258064516129	5458	5449.3	18	19.6	10	10.3	49.9	46	1.0	4.982948303222656e-05	1.6888399124145508
532	0	0.4380645161290323	0.05009460352981718	0.3935483870967742	0.5161290322580645	5458	5449.3	18	14.1	10	8.8	35.4	46	1.0	3.9577484130859375e-05	1.6141996383666992
533	0	0.4341935483870968	0.047850791331067476	0.3935483870967742	0.5354838709677419	5458	5446.8	18	17.1	10	9.9	43.3	46	1.0	4.863739013671875e-05	1.675997018814087
534	0	0.4348387096774194	0.04671965674898495	0.3935483870967742	0.5161290322580645	5458	5444.9	18	17.7	10	10.0	44.9	46	1.0	4.076957702636719e-05	1.7318873405456543
535	0	0.4380645161290323	0.050177624142840674	0.3935483870967742	0.5225806451612903	5458	5449.3	18	16.7	10	10.0	42.6	46	1.0	4.100799560546875e-05	1.5652897357940674
536	0	0.4387096774193548	0.052094527066287324	0.3935483870967742	0.5354838709677419	5458	5451.0	18	15.5	10	9.4	39.5	46	1.0	2.6226043701171875e-05	1.5376968383789062
537	0	0.43677419354838715	0.05161693532637319	0.3935483870967742	0.5354838709677419	5458	5449.3	18	20.0	10	10.1	51.6	46	1.0	3.981590270996094e-05	1.5920872688293457
538	0	0.4316129032258065	0.04264413643783417	0.3935483870967742	0.49677419354838714	5458	5449.3	18	17.1	10	9.8	43.4	46	1.0	4.076957702636719e-05	1.6393404006958008
539	0	0.4335483870967741	0.04505055548411893	0.3935483870967742	0.5161290322580645	5458	5447.4	18	14.1	10	8.7	35.4	46	1.0	5.14984130859375e-05	1.6457810401916504
540	0	0.4354838709677419	0.047255587296077387	0.3935483870967742	0.5161290322580645	5458	5447.4	18	15.0	10	9.1	37.5	46	1.0	4.2438507080078125e-05	1.618337869644165
541	0	0.4354838709677419	0.04654560383336195	0.3935483870967742	0.5032258064516129	5458	5449.3	18	14.4	10	8.9	36.0	46	1.0	4.673004150390625e-05	1.5921862125396729
542	0	0.43354838709677423	0.047304007173737714	0.3935483870967742	0.5096774193548388	5458	5444.0	18	17.3	10	10.2	44.5	46	1.0	3.0517578125e-05	1.6153385639190674
543	0	0.4348387096774194	0.04671965674898495	0.3935483870967742	0.5161290322580645	5458	5449.3	18	18.0	10	9.9	45.4	46	1.0	4.076957702636719e-05	1.6619832515716553
544	0	0.4232258064516129	0.03851564272670787	0.3935483870967742	0.4903225806451613	5458	5447.4	18	19.9	10	10.3	50.1	46	1.0	4.076957702636719e-05	1.669942855834961
545	0	0.4354838709677419	0.04847304195164345	0.3935483870967742	0.5290322580645161	5458	5449.3	18	30.5	10	11.5	81.3	46	1.0	5.14984130859375e-05	1.6969223022460938
546	0	0.4393548387096774	0.054089762370898506	0.3935483870967742	0.5483870967741935	5458	5451.0	18	14.5	10	8.9	36.4	46	1.0	4.124641418457031e-05	1.6572184562683105
547	0	0.4161290322580645	0.03819550997578241	0.3935483870967742	0.5225806451612903	5458	5445.7	18	18.2	10	9.8	45.9	46	1.0	5.078315734863281e-05	1.6618843078613281
548	0	0.4316129032258065	0.04235030563168078	0.3935483870967742	0.5032258064516129	5458	5445.0	18	17.7	10	9.5	44.7	46	1.0	4.673004150390625e-05	1.699134349822998
549	0	0.4425806451612904	0.0580071401109394	0.3935483870967742	0.5483870967741935	5458	5447.4	18	17.1	10	9.6	42.8	46	1.0	4.172325134277344e-05	1.6657068729400635
550	0	0.4387096774193548	0.05128930816606914	0.3935483870967742	0.5290322580645161	5458	5445.7	18	24.2	10	11.1	63.2	46	1.0	4.8160552978515625e-05	1.662618637084961
551	0	0.4387096774193548	0.0533576080726073	0.3935483870967742	0.5483870967741935	5458	5449.3	18	15.3	10	9.5	38.8	46	1.0	4.601478576660156e-05	1.6388418674468994
552	0	0.43612903225806454	0.04974022004489389	0.3935483870967742	0.5225806451612903	5458	5447.6	18	16.3	10	9.4	41.2	46	1.0	4.363059997558594e-05	1.6798200607299805
553	0	0.4264516129032258	0.04427235732722002	0.3935483870967742	0.5161290322580645	5458	5445.7	18	19.5	10	10.7	50.1	46	0.9	4.8160552978515625e-05	1.6079068183898926
554	0	0.45096774193548395	0.07016852020591295	0.3935483870967742	0.6	5458	5443.8	18	16.7	10	9.7	42.2	46	1.0	3.981590270996094e-05	1.6223998069763184
555	0	0.4387096774193548	0.050635914504125364	0.3935483870967742	0.5161290322580645	5458	5451.0	18	16.4	10	9.6	41.5	46	1.0	3.910064697265625e-05	1.644141435623169
556	0	0.4341935483870968	0.04589722944989008	0.3935483870967742	0.5161290322580645	5458	5445.7	18	17.5	10	10.0	44.3	46	1.0	3.2901763916015625e-05	1.6167068481445312
557	0	0.42451612903225805	0.04756724797720453	0.3935483870967742	0.5483870967741935	5458	5440.4	18	19.3	10	10.3	49.0	46	1.0	4.124641418457031e-05	1.6673822402954102
558	0	0.4393548387096774	0.05260735517908691	0.3935483870967742	0.5354838709677419	5458	5445.7	18	16.8	10	9.6	42.5	46	1.0	3.504753112792969e-05	1.719804048538208
559	0	0.42709677419354836	0.03670054878278165	0.3935483870967742	0.4838709677419355	5458	5451.0	18	17.3	10	10.1	43.7	46	1.0	3.910064697265625e-05	1.6561188697814941
560	0	0.432258064516129	0.04250237185032414	0.3935483870967742	0.49677419354838714	5458	5443.8	18	15.3	10	9.3	38.7	46	1.0	4.3392181396484375e-05	1.635986328125
561	0	0.4432258064516129	0.05770858651306673	0.3935483870967742	0.5483870967741935	5458	5447.6	18	17.1	10	10.0	43.7	46	1.0	3.0517578125e-05	1.7178125381469727
562	0	0.4393548387096774	0.05116336488492088	0.3935483870967742	0.5161290322580645	5458	5449.3	18	17.6	10	10.2	44.6	46	1.0	5.054473876953125e-05	1.6951489448547363
563	0	0.43677419354838704	0.04871288175745204	0.3935483870967742	0.5161290322580645	5458	5451.0	18	16.5	10	9.6	41.5	46	1.0	4.220008850097656e-05	1.654139757156372
564	0	0.42516129032258065	0.04235030563168079	0.3935483870967742	0.5032258064516129	5458	5445.7	18	18.5	10	10.2	46.8	46	1.0	4.100799560546875e-05	1.7048377990722656
565	0	0.447741935483871	0.06236410825081067	0.3935483870967742	0.5548387096774193	5458	5446.9	18	14.5	10	9.1	36.9	46	1.0	4.9591064453125e-05	1.6478517055511475
566	0	0.4309677419354839	0.05183821787509849	0.3935483870967742	0.5161290322580645	5458	5451.0	18	17.6	10	10.0	44.8	46	0.9	3.314018249511719e-05	1.7052345275878906
567	0	0.4341935483870968	0.04670629109093747	0.3935483870967742	0.5096774193548388	5458	5452.7	18	17.7	10	10.1	44.4	46	0.9	4.696846008300781e-05	1.645862102508545
568	0	0.44064516129032266	0.054518992098898045	0.3935483870967742	0.5290322580645161	5458	5451.0	18	17.3	10	9.9	43.9	46	0.9	3.981590270996094e-05	1.6423547267913818
569	0	0.4296774193548387	0.0430086020967715	0.3935483870967742	0.5161290322580645	5458	5452.7	18	15.6	10	9.3	39.6	46	0.9	4.458427429199219e-05	1.6259284019470215
570	0	0.44064516129032266	0.057274191277332104	0.3935483870967742	0.5548387096774193	5458	5452.7	18	17.8	10	10.0	44.6	46	0.9	4.124641418457031e-05	1.657125473022461
571	0	0.4341935483870968	0.047589118982993596	0.3935483870967742	0.5161290322580645	5458	5451.0	18	18.3	10	10.2	46.7	46	0.9	3.62396240234375e-05	1.6450209617614746
572	0	0.43290322580645163	0.044832907491849525	0.3935483870967742	0.49677419354838714	5458	5451.0	18	18.1	10	10.2	46.1	46	0.9	5.1021575927734375e-05	1.6525967121124268
573	0	0.4387096774193548	0.05241315099765135	0.3935483870967742	0.5161290322580645	5458	5452.7	18	13.6	10	8.7	34.5	46	0.9	6.389617919921875e-05	1.6358764171600342
574	0	0.43741935483870964	0.05045474786068942	0.3935483870967742	0.5161290322580645	5458	5449.1	18	16.4	10	9.6	41.3	46	0.9	4.172325134277344e-05	1.675468921661377
575	0	0.432258064516129	0.0440414146216155	0.3935483870967742	0.5032258064516129	5458	5452.7	18	17.0	10	9.7	43.3	46	0.9	4.291534423828125e-05	1.623711109161377
576	0	0.4354838709677419	0.04786818529432141	0.3935483870967742	0.5032258064516129	5458	5452.7	18	16.8	10	10.0	42.5	46	0.9	4.410743713378906e-05	1.5918843746185303
577	0	0.432258064516129	0.0445114537049299	0.3935483870967742	0.5032258064516129	5458	5449.1	18	18.7	10	10.1	47.9	46	0.9	4.553794860839844e-05	1.6345651149749756
578	0	0.42387096774193544	0.042507268154913874	0.3935483870967742	0.5161290322580645	5458	5449.1	18	16.3	10	9.4	41.1	46	0.9	3.0040740966796875e-05	1.593946933746338
579	0	0.4316129032258065	0.04417824081489029	0.3935483870967742	0.5032258064516129	5458	5451.0	18	17.3	10	9.9	43.8	46	0.9	3.9577484130859375e-05	1.6219651699066162
580	0	0.43741935483870964	0.05045474786068942	0.3935483870967742	0.5161290322580645	5458	5449.1	18	14.8	10	9.1	37.0	46	0.9	3.7670135498046875e-05	1.690565824508667
581	0	0.4258064516129032	0.03694921564716478	0.3935483870967742	0.4903225806451613	5458	5452.7	18	16.5	10	9.6	41.7	46	0.9	2.765655517578125e-05	1.6468663215637207
582	0	0.4335483870967741	0.045692725702260045	0.3935483870967742	0.5032258064516129	5458	5449.1	18	19.5	10	10.3	49.6	46	0.9	3.9577484130859375e-05	1.5786616802215576
583	0	0.42838709677419357	0.048037446371577516	0.3935483870967742	0.5161290322580645	5458	5451.0	18	15.8	10	9.3	39.7	46	0.9	4.458427429199219e-05	1.5378098487854004
584	0	0.44064516129032266	0.05398192166647471	0.3935483870967742	0.5161290322580645	5458	5452.7	18	14.5	10	9.0	37.0	46	0.9	4.172325134277344e-05	1.552804946899414
585	0	0.4309677419354839	0.05102895466654241	0.3935483870967742	0.5290322580645161	5458	5454.9	18	16.6	10	9.8	42.3	46	0.9	3.075599670410156e-05	1.649336576461792
586	0	0.4393548387096774	0.05679251903659822	0.3935483870967742	0.5548387096774193	5458	5452.7	18	16.2	10	9.3	40.5	46	0.9	3.504753112792969e-05	1.7189900875091553
587	0	0.4387096774193548	0.05241315099765135	0.3935483870967742	0.5161290322580645	5458	5451.0	18	14.9	10	9.2	37.8	46	0.9	3.8623809814453125e-05	1.6324708461761475
588	0	0.432258064516129	0.0438519883044295	0.3935483870967742	0.49677419354838714	5458	5449.1	18	16.7	10	9.8	42.0	46	0.9	4.172325134277344e-05	1.6778640747070312
589	0	0.4296774193548387	0.04202967090297375	0.3935483870967742	0.5032258064516129	5458	5452.7	18	18.6	10	10.2	47.4	46	0.9	4.124641418457031e-05	1.6686699390411377
590	0	0.4187096774193548	0.04283890400266846	0.3935483870967742	0.5161290322580645	5458	5452.7	18	16.5	10	9.7	42.2	46	0.9	3.266334533691406e-05	1.6425118446350098
591	0	0.43354838709677423	0.04808940684795929	0.3935483870967742	0.5225806451612903	5458	5450.8	18	18.2	10	10.2	46.0	46	0.9	3.4332275390625e-05	1.6567168235778809
592	0	0.4387096774193548	0.053978066228004856	0.3935483870967742	0.5290322580645161	5458	5452.2	18	15.6	10	9.4	39.1	46	0.9	4.315376281738281e-05	1.632960557937622
593	0	0.4264516129032258	0.03788915318716392	0.3935483870967742	0.4774193548387097	5458	5454.4	18	16.0	10	9.3	40.3	46	0.9	4.100799560546875e-05	1.6278138160705566
594	0	0.4354838709677419	0.05259152865791678	0.3935483870967742	0.5483870967741935	5458	5454.4	18	16.7	10	9.7	42.4	46	0.9	4.00543212890625e-05	1.6937942504882812
595	0	0.43612903225806454	0.052349581355098825	0.3935483870967742	0.5290322580645161	5458	5453.7	18	16.8	10	9.4	42.2	46	0.9	4.506111145019531e-05	1.6774163246154785
596	0	0.43612903225806454	0.052587571283393114	0.3935483870967742	0.5225806451612903	5458	5454.4	18	15.9	10	9.3	40.1	46	0.9	4.9591064453125e-05	1.6202020645141602
597	0	0.4258064516129032	0.043756967633066246	0.3935483870967742	0.5290322580645161	5458	5443.6	18	17.2	10	9.5	43.4	46	0.9	4.172325134277344e-05	1.636239767074585
598	0	0.4419354838709678	0.059498423802346045	0.3935483870967742	0.5548387096774193	5458	5454.4	18	15.3	10	9.4	38.7	46	0.9	4.696846008300781e-05	1.5892982482910156
599	0	0.43032258064516127	0.04507364767666725	0.3935483870967742	0.5032258064516129	5458	5451.1	18	17.4	10	9.8	44.3	46	0.9	4.172325134277344e-05	1.674534559249878
600	0	0.4232258064516129	0.03915868620772521	0.3935483870967742	0.49677419354838714	5458	5454.4	18	16.2	10	9.6	41.1	46	0.9	4.6253204345703125e-05	1.6626489162445068
601	0	0.4309677419354839	0.045050555484118945	0.3935483870967742	0.5032258064516129	5458	5454.4	18	16.9	10	9.9	42.8	46	0.9	3.4332275390625e-05	1.6826937198638916
602	0	0.4354838709677419	0.04974440393858382	0.3935483870967742	0.5161290322580645	5458	5450.8	18	17.0	10	9.8	43.0	46	0.9	4.6253204345703125e-05	1.6227450370788574
603	0	0.4393548387096774	0.054396700640597	0.3935483870967742	0.5225806451612903	5458	5454.4	18	15.0	10	9.3	38.1	46	0.9	2.5272369384765625e-05	1.5870745182037354
604	0	0.44516129032258067	0.06334419462520555	0.3935483870967742	0.5612903225806452	5458	5454.4	18	19.9	10	10.6	50.7	46	0.9	4.00543212890625e-05	1.71397066116333
605	0	0.43677419354838704	0.05217835418218258	0.3935483870967742	0.5225806451612903	5458	5457.1	18	14.9	10	9.2	37.8	46	0.9	3.9577484130859375e-05	1.7216722965240479
606	0	0.4264516129032258	0.03788915318716392	0.3935483870967742	0.4774193548387097	5458	5454.4	18	15.7	10	9.4	39.6	46	0.9	4.4345855712890625e-05	1.7413263320922852
607	0	0.4187096774193549	0.03755814084600745	0.3935483870967742	0.49677419354838714	5458	5454.4	18	17.0	10	9.7	43.3	46	0.9	3.504753112792969e-05	1.7162811756134033
608	0	0.43290322580645163	0.0470083128566371	0.3935483870967742	0.49677419354838714	5458	5458.0	18	17.0	10	9.7	43.4	46	0.9	3.743171691894531e-05	1.7889430522918701
609	0	0.4419354838709678	0.060813082551086355	0.3935483870967742	0.5548387096774193	5458	5458.0	18	18.3	10	10.0	46.7	46	0.9	3.62396240234375e-05	1.6022191047668457
610	0	0.4393548387096774	0.05500543914075806	0.3935483870967742	0.5161290322580645	5458	5458.0	18	16.7	10	9.6	42.7	46	0.9	3.314018249511719e-05	1.7270472049713135
611	0	0.4296774193548387	0.045363602145153406	0.3935483870967742	0.5161290322580645	5458	5458.0	18	15.2	10	9.0	38.3	46	0.9	3.5762786865234375e-05	1.661466121673584
612	0	0.42903225806451617	0.05195451464590513	0.3935483870967742	0.5612903225806452	5458	5458.0	18	14.8	10	9.0	37.4	46	0.9	4.506111145019531e-05	1.7010178565979004
613	0	0.4380645161290323	0.05331468629968793	0.3935483870967742	0.5096774193548388	5458	5458.0	18	15.6	10	9.4	40.1	46	0.9	4.2438507080078125e-05	1.6032071113586426
614	0	0.4425806451612903	0.060878070255924885	0.3935483870967742	0.5483870967741935	5458	5458.0	18	15.3	10	9.0	38.3	46	0.9	3.0517578125e-05	1.592067003250122
615	0	0.4316129032258065	0.046563485356815815	0.3935483870967742	0.5161290322580645	5458	5458.0	18	14.8	10	9.1	37.4	46	0.8	4.410743713378906e-05	1.6170532703399658
616	0	0.44064516129032266	0.05734681899009778	0.3935483870967742	0.5290322580645161	5458	5458.0	18	16.9	10	9.8	43.1	46	0.9	3.552436828613281e-05	1.7216682434082031
617	0	0.42387096774193556	0.03638732555407373	0.3935483870967742	0.4774193548387097	5458	5458.0	18	17.3	10	10.1	44.1	46	0.9	3.814697265625e-05	1.624833106994629
618	0	0.42838709677419357	0.0430086020967715	0.3935483870967742	0.5032258064516129	5458	5458.0	18	15.6	10	9.5	39.6	46	0.9	4.076957702636719e-05	1.6494667530059814
619	0	0.43354838709677423	0.04877692431338271	0.3935483870967742	0.5161290322580645	5458	5458.0	18	15.5	10	9.2	39.4	46	0.9	3.361701965332031e-05	1.6629877090454102
620	0	0.42064516129032264	0.04098678754649958	0.3935483870967742	0.5032258064516129	5458	5458.0	18	15.0	10	9.1	38.0	46	0.9	4.267692565917969e-05	1.6439225673675537
621	0	0.4316129032258065	0.04934113239999715	0.3935483870967742	0.5225806451612903	5458	5458.0	18	17.0	10	9.5	43.4	46	0.9	4.172325134277344e-05	1.6279585361480713
622	0	0.43354838709677423	0.050372183989530674	0.3935483870967742	0.5225806451612903	5458	5458.0	18	14.5	10	9.2	36.8	46	0.9	4.100799560546875e-05	1.6627554893493652
623	0	0.4264516129032258	0.04054262540223219	0.3935483870967742	0.4838709677419355	5458	5458.0	18	15.0	10	9.0	37.7	46	0.9	4.4345855712890625e-05	1.632552146911621
624	0	0.4348387096774193	0.051061571451379024	0.3935483870967742	0.5032258064516129	5458	5458.0	18	18.3	10	10.3	46.7	46	0.9	4.4345855712890625e-05	1.64597749710083
625	0	0.4341935483870968	0.05047536772662877	0.3935483870967742	0.5161290322580645	5458	5458.0	18	14.8	10	9.1	37.4	46	0.9	4.076957702636719e-05	1.685650110244751
626	0	0.4232258064516129	0.04627205439236415	0.3935483870967742	0.5161290322580645	5458	5461.2	18	14.5	10	8.9	36.7	46	0.8	4.315376281738281e-05	1.7196853160858154
627	0	0.43741935483870964	0.05472854209147999	0.3935483870967742	0.5225806451612903	5458	5458.0	18	17.7	10	9.9	45.4	46	0.9	3.981590270996094e-05	1.764894962310791
628	0	0.42838709677419357	0.043585408397560095	0.3935483870967742	0.49677419354838714	5458	5458.0	18	15.6	10	9.2	39.4	46	0.9	4.076957702636719e-05	1.6924934387207031
629	0	0.4380645161290323	0.05590612020874821	0.3935483870967742	0.5290322580645161	5458	5458.0	18	16.0	10	9.6	41.0	46	0.9	4.291534423828125e-05	1.6219260692596436
630	0	0.43032258064516127	0.04553303222862937	0.3935483870967742	0.5032258064516129	5458	5458.0	18	14.4	10	8.8	36.5	46	0.9	4.029273986816406e-05	1.6079058647155762
631	0	0.4296774193548387	0.044902484235626615	0.3935483870967742	0.5032258064516129	5458	5458.0	18	16.1	10	9.7	40.6	46	0.9	4.124641418457031e-05	1.632248878479004
632	0	0.42903225806451617	0.044347506725379106	0.3935483870967742	0.4903225806451613	5458	5458.0	18	14.7	10	9.0	37.2	46	0.9	4.4345855712890625e-05	1.6693549156188965
633	0	0.4296774193548387	0.044902484235626615	0.3935483870967742	0.5032258064516129	5458	5458.2	18	16.3	10	9.3	41.4	46	0.9	2.8848648071289062e-05	1.595824956893921
634	0	0.4393548387096774	0.058667123890628343	0.3935483870967742	0.5483870967741935	5458	5458.0	18	14.9	10	9.1	37.7	46	0.9	4.1961669921875e-05	1.5987050533294678
635	0	0.43354838709677423	0.05012367638594846	0.3935483870967742	0.5161290322580645	5458	5458.0	18	14.4	10	8.9	36.5	46	0.9	4.38690185546875e-05	1.6679797172546387
636	0	0.43999999999999995	0.05732867068780144	0.3935483870967742	0.5161290322580645	5458	5458.0	18	13.8	10	8.8	35.0	46	0.9	4.6253204345703125e-05	1.6652565002441406
637	0	0.41483870967741937	0.03828259019134658	0.3935483870967742	0.49677419354838714	5458	5458.0	18	17.4	10	10.0	44.2	46	0.9	2.86102294921875e-05	1.6229450702667236
638	0	0.42838709677419357	0.04291171393113778	0.3935483870967742	0.4903225806451613	5458	5458.0	18	16.1	10	9.3	40.5	46	0.9	4.601478576660156e-05	1.6794888973236084
639	0	0.43290322580645163	0.04908740532032841	0.3935483870967742	0.5096774193548388	5458	5458.0	18	15.3	10	9.1	38.3	46	0.9	5.0067901611328125e-05	1.6222195625305176
640	0	0.43612903225806454	0.05483491447967943	0.3935483870967742	0.5419354838709678	5458	5458.0	18	16.4	10	9.6	41.6	46	0.9	3.504753112792969e-05	1.6972317695617676
641	0	0.4225806451612904	0.04444126477237297	0.3935483870967742	0.49677419354838714	5458	5458.0	18	17.7	10	9.8	44.9	46	0.9	4.935264587402344e-05	1.7109081745147705
642	0	0.4348387096774193	0.052745634673470175	0.3935483870967742	0.5354838709677419	5458	5458.0	18	14.9	10	9.1	37.6	46	0.9	2.8371810913085938e-05	1.6053035259246826
643	0	0.42451612903225805	0.05078366104297916	0.38064516129032255	0.5161290322580645	5457	5458.0	13	15.8	10	9.7	39.9	32	0.9	5.340576171875e-05	1.6239497661590576
644	0	0.4296774193548387	0.04829668973474297	0.38064516129032255	0.5161290322580645	5457	5457.8	13	16.3	10	9.7	41.4	32	0.9	4.5299530029296875e-05	1.5732316970825195
645	0	0.4290322580645161	0.05114709154962216	0.38064516129032255	0.5354838709677419	5457	5457.6	13	15.7	10	9.6	39.7	32	0.9	4.172325134277344e-05	1.6190102100372314
646	0	0.4296774193548387	0.04742703470835898	0.38064516129032255	0.5032258064516129	5457	5457.7	13	16.4	10	9.7	41.1	32	0.9	4.267692565917969e-05	1.6032705307006836
647	0	0.4070967741935484	0.029203794316790377	0.38064516129032255	0.47096774193548385	5457	5457.7	13	18.2	10	10.2	45.8	32	0.9	4.00543212890625e-05	1.6316499710083008
648	0	0.42129032258064514	0.04423473475205665	0.38064516129032255	0.49677419354838714	5457	5457.8	13	16.9	10	9.8	42.6	32	0.9	3.62396240234375e-05	1.6849355697631836
649	0	0.4290322580645161	0.04681310950624966	0.38064516129032255	0.49677419354838714	5457	5457.7	13	12.7	10	8.5	32.1	32	0.9	4.410743713378906e-05	1.6222071647644043
650	0	0.4290322580645161	0.04847304195164346	0.38064516129032255	0.5096774193548388	5457	5457.9	13	18.3	10	10.5	46.7	32	0.9	4.410743713378906e-05	1.5928692817687988
651	0	0.42387096774193544	0.04221248465278862	0.38064516129032255	0.49677419354838714	5457	5457.7	13	18.2	10	9.7	46.2	32	0.9	4.100799560546875e-05	1.6427764892578125
652	0	0.43032258064516127	0.0483698894134879	0.38064516129032255	0.5032258064516129	5457	5457.8	13	15.3	10	9.3	38.8	32	0.9	4.57763671875e-05	1.552011251449585
653	0	0.4296774193548387	0.04742703470835898	0.38064516129032255	0.5032258064516129	5457	5457.8	13	14.8	10	9.2	36.9	32	0.9	2.956390380859375e-05	1.5567729473114014
654	0	0.42000000000000004	0.04360927642869985	0.38064516129032255	0.49677419354838714	5457	5457.7	13	13.9	10	9.0	35.1	32	0.9	2.765655517578125e-05	1.5915677547454834
655	0	0.42451612903225805	0.051677379082582686	0.38064516129032255	0.5419354838709678	5457	5457.5	13	15.4	10	9.5	38.8	32	0.9	4.220008850097656e-05	1.6746790409088135
656	0	0.43354838709677423	0.053263915975613654	0.38064516129032255	0.5161290322580645	5457	5457.7	13	14.4	10	9.1	36.5	32	0.9	4.887580871582031e-05	1.6681180000305176
657	0	0.4309677419354839	0.06443866316998076	0.38064516129032255	0.5612903225806452	5457	5457.7	13	15.7	10	9.5	39.6	32	0.8	4.482269287109375e-05	1.6283695697784424
658	0	0.4341935483870968	0.055727148576340514	0.38064516129032255	0.5161290322580645	5457	5457.5	13	12.6	10	8.5	31.5	32	0.8	5.0067901611328125e-05	1.6440882682800293
659	0	0.43032258064516127	0.05137444916546698	0.38064516129032255	0.5161290322580645	5457	5456.9	13	13.3	10	8.9	33.4	32	0.8	2.6464462280273438e-05	1.6322858333587646
660	0	0.4309677419354839	0.05263504014031263	0.38064516129032255	0.5161290322580645	5457	5457.5	13	14.9	10	9.4	37.7	32	0.8	4.3392181396484375e-05	1.645195722579956
661	0	0.42774193548387096	0.0478507913310675	0.38064516129032255	0.5032258064516129	5457	5457.6	13	13.9	10	9.2	35.0	32	0.8	4.1484832763671875e-05	1.6877572536468506
662	0	0.42516129032258065	0.04674192435272248	0.38064516129032255	0.49677419354838714	5457	5457.6	13	14.9	10	9.8	37.7	32	0.8	4.1961669921875e-05	1.6444683074951172
663	0	0.4419354838709677	0.06706264640755079	0.38064516129032255	0.567741935483871	5457	5457.5	13	14.3	10	9.4	36.1	32	0.8	4.076957702636719e-05	1.6561641693115234
664	0	0.4219354838709677	0.04072189377563742	0.38064516129032255	0.4838709677419355	5457	5457.7	13	15.0	10	9.6	37.5	32	0.8	4.2438507080078125e-05	1.6617000102996826
665	0	0.4232258064516129	0.05170958686326162	0.38064516129032255	0.5161290322580645	5457	5457.8	13	15.3	10	9.6	38.5	32	0.8	4.553794860839844e-05	1.6558842658996582
666	0	0.4225806451612903	0.042722150015853694	0.38064516129032255	0.49677419354838714	5457	5457.5	13	15.6	10	9.7	39.2	32	0.8	2.6464462280273438e-05	1.6693787574768066
667	0	0.42774193548387096	0.05039283763917034	0.38064516129032255	0.5161290322580645	5457	5457.6	13	12.4	10	8.7	31.1	32	0.8	3.2901763916015625e-05	1.6492674350738525
668	0	0.4193548387096774	0.0490492330548341	0.38064516129032255	0.5161290322580645	5457	5457.4	13	13.2	10	9.1	33.3	32	0.7	4.410743713378906e-05	1.6694824695587158
669	0	0.4103225806451613	0.03775158409891045	0.38064516129032255	0.4774193548387097	5461	5457.3	13	14.2	10	9.7	35.3	32	0.8	3.0517578125e-05	1.6765801906585693
670	0	0.4161290322580645	0.04609631142682905	0.38064516129032255	0.4903225806451613	5461	5457.8	13	14.5	10	9.9	36.3	32	0.8	4.100799560546875e-05	1.657557725906372
671	0	0.43290322580645163	0.059091280206660095	0.38064516129032255	0.5161290322580645	5461	5458.1	13	12.9	10	9.3	32.4	32	0.8	4.029273986816406e-05	1.5499053001403809
672	0	0.4283870967741935	0.05383908656780662	0.38064516129032255	0.5032258064516129	5461	5458.5	13	12.6	10	9.2	31.3	32	0.8	3.9577484130859375e-05	1.5514984130859375
673	0	0.40709677419354834	0.03443614489053553	0.38064516129032255	0.47096774193548385	5461	5458.2	13	15.7	10	10.0	39.3	32	0.8	3.981590270996094e-05	1.7028326988220215
674	0	0.42903225806451617	0.055292242222105374	0.38064516129032255	0.5225806451612903	5461	5458.4	13	13.8	10	9.6	34.2	32	0.8	4.649162292480469e-05	1.6560640335083008
675	0	0.4296774193548387	0.05662737614836566	0.38064516129032255	0.5290322580645161	5461	5458.0	13	12.9	10	9.1	31.9	32	0.8	3.62396240234375e-05	1.6589124202728271
676	0	0.42451612903225805	0.04979040356535416	0.38064516129032255	0.5032258064516129	5461	5457.6	13	13.7	10	9.5	34.1	32	0.8	2.7894973754882812e-05	1.693824291229248
677	0	0.4232258064516129	0.04768959641955183	0.38064516129032255	0.49677419354838714	5461	5458.5	13	14.4	10	9.6	35.7	32	0.8	2.9802322387695312e-05	1.6867756843566895
678	0	0.42774193548387096	0.05390476050401113	0.38064516129032255	0.5225806451612903	5461	5458.0	13	15.1	10	9.6	37.5	32	0.8	4.5299530029296875e-05	1.628998041152954
679	0	0.43032258064516127	0.05646912170873275	0.38064516129032255	0.5161290322580645	5461	5457.7	13	12.9	10	9.2	32.4	32	0.8	3.6716461181640625e-05	1.6687524318695068
680	0	0.4290322580645161	0.05476275574944777	0.38064516129032255	0.5161290322580645	5461	5458.1	13	12.9	10	9.2	32.2	32	0.8	2.765655517578125e-05	1.680370569229126
681	0	0.41161290322580646	0.04199003895554318	0.38064516129032255	0.4774193548387097	5457	5458.5	13	12.1	10	8.9	29.8	32	0.7	4.410743713378906e-05	1.6009161472320557
682	0	0.43032258064516127	0.05948443075798455	0.38064516129032255	0.5290322580645161	5457	5458.0	13	13.4	10	9.7	33.7	32	0.7	3.218650817871094e-05	1.620774745941162
683	0	0.4296774193548387	0.05793534018230623	0.38064516129032255	0.5096774193548388	5457	5457.5	13	14.2	10	10.0	35.3	32	0.7	3.981590270996094e-05	1.6824932098388672
684	0	0.4193548387096774	0.053435559331222356	0.38064516129032255	0.5225806451612903	5457	5457.9	13	12.5	10	9.3	30.7	32	0.7	4.601478576660156e-05	1.7249317169189453
685	0	0.4193548387096774	0.05661267346704596	0.38064516129032255	0.5161290322580645	5449	5457.5	11	11.3	10	9.0	28.2	28	0.7	3.4332275390625e-05	1.5900328159332275
686	0	0.42774193548387096	0.058354116509734225	0.38064516129032255	0.5161290322580645	5449	5455.8	11	12.5	10	9.5	30.9	28	0.7	5.1975250244140625e-05	1.6408710479736328
687	0	0.4225806451612903	0.05179403699722917	0.38064516129032255	0.5032258064516129	5449	5457.0	11	11.6	10	9.0	28.9	28	0.7	4.100799560546875e-05	1.5888161659240723
688	0	0.41161290322580646	0.04523496294956932	0.38064516129032255	0.49677419354838714	5449	5454.8	11	12.1	10	9.6	29.9	28	0.7	4.3392181396484375e-05	1.618408203125
689	0	0.41161290322580646	0.04911707435012718	0.38064516129032255	0.5161290322580645	5457	5455.0	13	12.8	10	9.9	31.7	32	0.6	4.5299530029296875e-05	1.644029140472412
690	0	0.4264516129032258	0.05866712389062837	0.38064516129032255	0.5419354838709678	5457	5457.0	13	12.8	10	9.6	31.2	32	0.7	4.410743713378906e-05	1.6431314945220947
691	0	0.42451612903225805	0.05396264171955225	0.38064516129032255	0.49677419354838714	5457	5455.8	13	11.2	10	8.9	27.5	32	0.7	4.00543212890625e-05	1.6449227333068848
692	0	0.42774193548387096	0.058354116509734225	0.38064516129032255	0.5161290322580645	5457	5455.4	13	12.9	10	9.9	32.5	32	0.7	4.4345855712890625e-05	1.6447908878326416
693	0	0.4225806451612903	0.05596565023515315	0.38064516129032255	0.5161290322580645	5457	5455.8	13	11.7	10	9.5	29.4	32	0.7	2.7179718017578125e-05	1.7056519985198975
694	0	0.4187096774193549	0.04771141134060472	0.38064516129032255	0.49677419354838714	5457	5455.8	13	13.3	10	9.8	32.5	32	0.7	4.0531158447265625e-05	1.6411209106445312
695	0	0.41741935483870973	0.053205274632307606	0.38064516129032255	0.5096774193548388	5457	5456.6	13	13.7	10	9.9	33.5	32	0.7	4.363059997558594e-05	1.5963406562805176
696	0	0.4180645161290323	0.04765467177450165	0.38064516129032255	0.5032258064516129	5457	5457.0	13	11.7	10	9.2	28.8	32	0.7	4.9114227294921875e-05	1.7131855487823486
697	0	0.4232258064516129	0.05234958135509885	0.38064516129032255	0.49677419354838714	5457	5457.0	13	11.6	10	9.3	28.6	32	0.7	4.3392181396484375e-05	1.709397792816162
698	0	0.4219354838709678	0.050979990361647534	0.38064516129032255	0.49677419354838714	5457	5455.8	13	10.2	10	8.5	25.1	32	0.7	3.2901763916015625e-05	1.605027675628662
699	0	0.42451612903225805	0.06709677419354838	0.38064516129032255	0.5354838709677419	5457	5456.2	13	11.6	10	9.3	28.9	32	0.7	4.00543212890625e-05	1.656764030456543
700	0	0.4232258064516129	0.05298184559392984	0.38064516129032255	0.5032258064516129	5457	5453.4	13	11.4	10	9.4	28.5	32	0.7	4.172325134277344e-05	1.6545441150665283
701	0	0.432258064516129	0.06470938796448947	0.38064516129032255	0.5354838709677419	5457	5457.4	13	12.6	10	9.5	31.2	32	0.7	4.506111145019531e-05	1.6999857425689697
702	0	0.42516129032258065	0.0548538878425806	0.38064516129032255	0.5032258064516129	5457	5454.2	13	10.8	10	9.0	26.8	32	0.7	4.38690185546875e-05	1.5906000137329102
703	0	0.4006451612903226	0.04023344987785515	0.38064516129032255	0.4903225806451613	5457	5456.6	13	13.5	10	9.9	33.3	32	0.6	4.3392181396484375e-05	1.6144182682037354
704	0	0.42516129032258065	0.056645749133550576	0.38064516129032255	0.5161290322580645	5457	5455.4	13	11.8	10	9.3	29.3	32	0.7	4.3392181396484375e-05	1.6593468189239502
705	0	0.4232258064516129	0.052824489007635436	0.38064516129032255	0.5096774193548388	5457	5457.0	13	12.8	10	9.7	32.1	32	0.7	4.220008850097656e-05	1.6852338314056396
706	0	0.43290322580645163	0.06750804476668397	0.38064516129032255	0.567741935483871	5457	5456.2	13	11.8	10	9.4	29.6	32	0.7	5.14984130859375e-05	1.615835189819336
707	0	0.4296774193548387	0.06322580645161291	0.38064516129032255	0.5483870967741935	5457	5455.8	13	11.7	10	9.0	28.9	32	0.7	3.886222839355469e-05	1.6471226215362549
708	0	0.42516129032258065	0.054777954960328695	0.38064516129032255	0.49677419354838714	5457	5456.6	13	12.6	10	9.3	31.2	32	0.7	4.100799560546875e-05	1.6341478824615479
709	0	0.42387096774193556	0.05359500497016811	0.38064516129032255	0.5096774193548388	5457	5456.6	13	11.5	10	9.2	28.4	32	0.7	5.1021575927734375e-05	1.6690311431884766
710	0	0.4341935483870968	0.0674833775347408	0.38064516129032255	0.5548387096774193	5457	5456.5	13	12.0	10	9.2	29.7	32	0.7	3.4332275390625e-05	1.644420862197876
711	0	0.4303225806451613	0.06086781365232151	0.38064516129032255	0.5096774193548388	5457	5457.0	13	11.3	10	8.9	27.8	32	0.7	3.8623809814453125e-05	1.6127800941467285
712	0	0.41161290322580646	0.043547192337254736	0.38064516129032255	0.4838709677419355	5457	5455.8	13	14.3	10	10.2	36.2	32	0.7	3.695487976074219e-05	1.6380064487457275
713	0	0.4258064516129032	0.05564866749122021	0.38064516129032255	0.5032258064516129	5457	5456.2	13	11.1	10	8.7	27.3	32	0.7	2.9087066650390625e-05	1.6087887287139893
714	0	0.4006451612903226	0.04002600611418349	0.38064516129032255	0.4838709677419355	5457	5457.4	13	12.3	10	9.6	30.4	32	0.6	2.956390380859375e-05	1.6259877681732178
715	0	0.42516129032258065	0.05545760818797835	0.38064516129032255	0.5161290322580645	5457	5456.6	13	10.5	10	8.9	25.8	32	0.7	3.814697265625e-05	1.5963306427001953
716	0	0.4348387096774194	0.07683651577269372	0.38064516129032255	0.6193548387096774	5457	5455.4	13	13.2	10	9.7	32.9	32	0.7	2.8371810913085938e-05	1.6129639148712158
717	0	0.42516129032258065	0.0556823157866406	0.38064516129032255	0.5225806451612903	5457	5457.0	13	12.8	10	9.7	31.7	32	0.7	4.792213439941406e-05	1.6944451332092285
718	0	0.4258064516129032	0.05594705390626789	0.38064516129032255	0.5161290322580645	5457	5456.6	13	12.9	10	9.8	31.8	32	0.7	3.790855407714844e-05	1.610283374786377
719	0	0.4129032258064516	0.0498071201693388	0.38064516129032255	0.5032258064516129	5457	5456.6	13	12.0	10	9.4	29.5	32	0.7	3.9577484130859375e-05	1.6920008659362793
720	0	0.42000000000000004	0.049677419354838735	0.38064516129032255	0.5096774193548388	5457	5456.6	13	12.6	10	9.5	30.9	32	0.7	4.076957702636719e-05	1.7516636848449707
721	0	0.4225806451612903	0.05290715957050558	0.38064516129032255	0.5032258064516129	5457	5456.6	13	12.3	10	9.5	30.7	32	0.7	4.124641418457031e-05	1.674753189086914
722	0	0.41161290322580646	0.049706736217440615	0.38064516129032255	0.5096774193548388	5457	5457.0	13	12.5	10	9.7	31.2	32	0.7	3.743171691894531e-05	1.5477545261383057
723	0	0.42451612903225805	0.054423475377969426	0.38064516129032255	0.5096774193548388	5457	5456.6	13	10.7	10	8.9	26.4	32	0.7	3.8623809814453125e-05	1.5749309062957764
724	0	0.42129032258064514	0.051697511296943555	0.38064516129032255	0.5032258064516129	5457	5455.0	13	11.4	10	9.2	28.6	32	0.7	3.695487976074219e-05	1.6295020580291748
725	0	0.43032258064516127	0.06748337753474078	0.38064516129032255	0.5806451612903225	5457	5458.2	13	11.0	10	8.9	27.4	32	0.7	4.100799560546875e-05	1.6034142971038818
726	0	0.43741935483870964	0.07555827598429601	0.38064516129032255	0.6	5457	5456.6	13	11.3	10	9.1	27.7	32	0.7	4.553794860839844e-05	1.6425797939300537
727	0	0.41161290322580646	0.04756724797720457	0.38064516129032255	0.49677419354838714	5457	5457.0	13	11.3	10	9.1	28.0	32	0.7	4.124641418457031e-05	1.6892361640930176
728	0	0.42451612903225805	0.056376909096654146	0.38064516129032255	0.5161290322580645	5457	5457.0	13	11.8	10	9.6	29.1	32	0.7	4.2438507080078125e-05	1.6353590488433838
729	0	0.40838709677419355	0.0425072681549139	0.38064516129032255	0.4774193548387097	5457	5456.2	13	11.4	10	9.3	28.2	32	0.7	4.315376281738281e-05	1.6080119609832764
730	0	0.4264516129032258	0.0569389106160594	0.38064516129032255	0.5161290322580645	5457	5456.6	13	13.1	10	9.6	32.2	32	0.7	2.8371810913085938e-05	1.6116836071014404
731	0	0.4309677419354839	0.06571784040385467	0.38064516129032255	0.5354838709677419	5457	5458.4	13	12.3	10	9.5	30.4	32	0.7	2.956390380859375e-05	1.6304304599761963
732	0	0.4290322580645161	0.061018071051099985	0.38064516129032255	0.5354838709677419	5457	5457.0	13	12.1	10	9.4	29.6	32	0.7	4.4345855712890625e-05	1.6304333209991455
733	0	0.43677419354838715	0.0693090621622799	0.38064516129032255	0.5290322580645161	5457	5456.6	13	12.0	10	9.4	29.9	32	0.7	2.8133392333984375e-05	1.6868488788604736
734	0	0.40838709677419355	0.043090785753539466	0.38064516129032255	0.5032258064516129	5457	5456.6	13	12.4	10	9.6	30.7	32	0.7	4.267692565917969e-05	1.6630816459655762
735	0	0.42387096774193556	0.0532052746323076	0.38064516129032255	0.49677419354838714	5457	5455.0	13	13.4	10	10.1	34.0	32	0.7	4.649162292480469e-05	1.6658802032470703
736	0	0.40903225806451615	0.042814606511063405	0.38064516129032255	0.5096774193548388	5457	5457.4	13	11.5	10	9.2	28.8	32	0.7	4.315376281738281e-05	1.68320631980896
737	0	0.4219354838709678	0.051467537226268754	0.38064516129032255	0.5096774193548388	5457	5457.0	13	12.4	10	9.2	30.8	32	0.7	4.1961669921875e-05	1.668440580368042
738	0	0.4309677419354839	0.062203720222936534	0.38064516129032255	0.5161290322580645	5457	5457.0	13	9.9	10	8.6	24.3	32	0.7	3.9577484130859375e-05	1.6208267211914062
739	0	0.4296774193548387	0.06142260766664211	0.38064516129032255	0.5290322580645161	5457	5456.2	13	10.0	10	8.7	24.8	32	0.7	4.38690185546875e-05	1.6743760108947754
740	0	0.4309677419354839	0.06253739776027167	0.38064516129032255	0.5290322580645161	5457	5456.2	13	12.0	10	9.3	29.5	32	0.7	4.100799560546875e-05	1.6513686180114746
741	0	0.4	0.03238683973680293	0.38064516129032255	0.4774193548387097	5457	5457.4	13	11.6	10	9.1	28.6	32	0.7	3.695487976074219e-05	1.6097142696380615
742	0	0.41096774193548385	0.046438170097879004	0.38064516129032255	0.4903225806451613	5457	5457.8	13	10.3	10	8.8	25.1	32	0.6	4.291534423828125e-05	1.5725255012512207
743	0	0.42451612903225805	0.05555883907512514	0.38064516129032255	0.5290322580645161	5457	5457.4	13	10.9	10	8.8	26.6	32	0.7	3.361701965332031e-05	1.5500433444976807
744	0	0.41741935483870973	0.056395363681290854	0.38064516129032255	0.5161290322580645	5457	5455.8	13	11.3	10	9.3	28.1	32	0.7	2.5987625122070312e-05	1.4495658874511719
745	0	0.42451612903225805	0.055258356400938985	0.38064516129032255	0.5161290322580645	5457	5456.6	13	13.6	10	9.8	33.7	32	0.7	2.8371810913085938e-05	1.4985053539276123
746	0	0.4193548387096774	0.07518274648752112	0.38064516129032255	0.6064516129032258	5457	5455.8	13	13.1	10	10.0	32.8	32	0.7	4.291534423828125e-05	1.5360081195831299
747	0	0.42387096774193556	0.053904760504011134	0.38064516129032255	0.5161290322580645	5457	5455.8	13	9.5	10	8.5	23.2	32	0.7	3.647804260253906e-05	1.6327259540557861
748	0	0.41096774193548385	0.04688418657812689	0.38064516129032255	0.49677419354838714	5457	5457.0	13	12.4	10	9.6	30.8	32	0.7	2.9325485229492188e-05	1.7433762550354004
749	0	0.43612903225806454	0.07086209144643088	0.38064516129032255	0.5612903225806452	5457	5457.4	13	12.4	10	9.5	30.6	32	0.7	4.601478576660156e-05	1.6189093589782715
750	0	0.41677419354838713	0.04591083064427665	0.38064516129032255	0.4903225806451613	5457	5457.0	13	12.0	10	9.4	29.7	32	0.7	4.38690185546875e-05	1.612426519393921
751	0	0.42451612903225805	0.054116688969060064	0.38064516129032255	0.5032258064516129	5457	5456.2	13	11.3	10	9.1	27.8	32	0.7	3.6716461181640625e-05	1.6549768447875977
752	0	0.4354838709677419	0.06974011516230236	0.38064516129032255	0.5548387096774193	5457	5456.6	13	10.8	10	8.8	26.5	32	0.7	3.0279159545898438e-05	1.6604139804840088
753	0	0.4161290322580645	0.050656460625686725	0.38064516129032255	0.5032258064516129	5457	5456.6	13	10.8	10	8.9	26.5	32	0.7	3.814697265625e-05	1.600069522857666
754	0	0.4187096774193549	0.04779857146320376	0.38064516129032255	0.5032258064516129	5457	5456.6	13	12.3	10	9.5	30.3	32	0.7	4.100799560546875e-05	1.6503729820251465
755	0	0.42129032258064514	0.06268697318981284	0.38064516129032255	0.5354838709677419	5457	5456.2	13	12.0	10	9.3	29.3	32	0.7	5.1021575927734375e-05	1.6646904945373535
756	0	0.4103225806451613	0.04716301130966988	0.38064516129032255	0.5096774193548388	5457	5455.8	13	12.2	10	9.5	30.5	32	0.6	3.0040740966796875e-05	1.6774835586547852
757	0	0.4309677419354839	0.061935483870967756	0.38064516129032255	0.5161290322580645	5457	5454.2	13	11.0	10	9.3	27.9	32	0.7	4.1961669921875e-05	1.6323094367980957
758	0	0.4180645161290323	0.05761835757875125	0.38064516129032255	0.5225806451612903	5457	5453.9	13	11.4	10	9.6	28.5	32	0.7	2.6941299438476562e-05	1.6095657348632812
759	0	0.42451612903225805	0.054346941132006936	0.38064516129032255	0.5032258064516129	5457	5455.8	13	13.3	10	9.8	33.4	32	0.7	4.1961669921875e-05	1.613405466079712
760	0	0.42903225806451617	0.05935834491747858	0.38064516129032255	0.5096774193548388	5457	5457.0	13	10.8	10	8.9	26.7	32	0.7	4.1961669921875e-05	1.642451524734497
761	0	0.42451612903225805	0.055031917708738394	0.38064516129032255	0.5161290322580645	5457	5455.4	13	12.2	10	9.8	30.8	32	0.7	4.458427429199219e-05	1.669926404953003
762	0	0.41225806451612906	0.04145631955204476	0.38064516129032255	0.4774193548387097	5457	5459.2	13	11.8	10	9.4	29.2	32	0.7	4.100799560546875e-05	1.6656293869018555
763	0	0.4141935483870968	0.04747966320767512	0.38064516129032255	0.4903225806451613	5457	5455.8	13	11.9	10	9.2	29.4	32	0.7	4.291534423828125e-05	1.605381727218628
764	0	0.4193548387096774	0.04819315973414995	0.38064516129032255	0.49677419354838714	5457	5457.4	13	10.7	10	8.8	26.4	32	0.7	2.9325485229492188e-05	1.608762264251709
765	0	0.4341935483870968	0.06803622711314823	0.38064516129032255	0.5612903225806452	5457	5455.4	13	11.8	10	9.6	29.1	32	0.7	4.839897155761719e-05	1.6135196685791016
766	0	0.4161290322580645	0.04434750672537911	0.38064516129032255	0.4774193548387097	5457	5456.6	13	11.1	10	8.8	27.2	32	0.7	4.1961669921875e-05	1.6141729354858398
767	0	0.44451612903225807	0.08419045847747383	0.38064516129032255	0.6064516129032258	5457	5455.8	13	12.7	10	9.8	31.7	32	0.7	3.075599670410156e-05	1.6667027473449707
768	0	0.4135483870967742	0.043417964795848384	0.38064516129032255	0.49677419354838714	5457	5456.6	13	12.2	10	9.4	30.1	32	0.7	4.38690185546875e-05	1.6611707210540771
769	0	0.4322580645161291	0.06579380017539078	0.38064516129032255	0.5483870967741935	5457	5457.0	13	12.9	10	9.7	32.1	32	0.7	4.076957702636719e-05	1.471364974975586
770	0	0.42451612903225805	0.05457622189046866	0.38064516129032255	0.5161290322580645	5457	5456.6	13	10.8	10	9.0	26.7	32	0.7	5.125999450683594e-05	1.5183746814727783
771	0	0.4290322580645161	0.06183122945991332	0.38064516129032255	0.5354838709677419	5457	5455.8	13	11.8	10	9.2	29.4	32	0.7	3.8623809814453125e-05	1.6808536052703857
772	0	0.41419354838709677	0.042286373182384374	0.38064516129032255	0.4774193548387097	5457	5455.8	13	11.7	10	9.6	29.5	32	0.7	4.5299530029296875e-05	1.6741042137145996
773	0	0.42129032258064514	0.050392837639170365	0.38064516129032255	0.49677419354838714	5457	5457.4	13	12.3	10	9.5	30.3	32	0.7	2.9087066650390625e-05	1.6397879123687744
774	0	0.4303225806451613	0.06120877427188694	0.38064516129032255	0.5225806451612903	5457	5455.8	13	11.0	10	9.1	27.7	32	0.7	3.981590270996094e-05	1.6144111156463623
775	0	0.41419354838709677	0.051596771672599254	0.38064516129032255	0.5032258064516129	5457	5455.8	13	11.4	10	9.4	28.1	32	0.6	4.4345855712890625e-05	1.5596387386322021
776	0	0.42838709677419357	0.05850727250970136	0.38064516129032255	0.5032258064516129	5457	5457.0	13	13.0	10	9.7	32.0	32	0.7	3.933906555175781e-05	1.6888797283172607
777	0	0.41741935483870973	0.05281266836324599	0.38064516129032255	0.5096774193548388	5457	5456.6	13	11.3	10	8.9	27.9	32	0.7	3.147125244140625e-05	1.6669554710388184
778	0	0.4316129032258065	0.06264712132743168	0.38064516129032255	0.5161290322580645	5457	5455.8	13	11.9	10	9.4	29.7	32	0.7	4.172325134277344e-05	1.575368881225586
779	0	0.42838709677419357	0.05879115225752012	0.38064516129032255	0.5161290322580645	5457	5455.8	13	10.7	10	9.0	26.5	32	0.7	4.4345855712890625e-05	1.6099061965942383
780	0	0.41483870967741937	0.051455404855717216	0.38064516129032255	0.5225806451612903	5457	5456.2	13	12.9	10	9.7	31.6	32	0.7	3.981590270996094e-05	1.6132538318634033
781	0	0.42451612903225805	0.054039720235798526	0.38064516129032255	0.5032258064516129	5457	5457.4	13	12.2	10	9.1	29.6	32	0.7	3.981590270996094e-05	1.6652464866638184
782	0	0.4193548387096774	0.047759369092443237	0.38064516129032255	0.4903225806451613	5457	5456.2	13	13.7	10	9.8	33.9	32	0.7	2.6464462280273438e-05	1.6515629291534424
783	0	0.4270967741935484	0.0571104412292406	0.38064516129032255	0.5032258064516129	5457	5456.2	13	11.6	10	9.2	28.5	32	0.7	3.933906555175781e-05	1.634103775024414
784	0	0.4232258064516129	0.05573835113923917	0.38064516129032255	0.5354838709677419	5457	5456.6	13	12.8	10	9.7	31.8	32	0.7	4.410743713378906e-05	1.6957943439483643
785	0	0.41161290322580646	0.05127307480336913	0.37419354838709673	0.5096774193548388	5466	5457.4	15	12.9	10	9.8	32.1	37	0.7	4.076957702636719e-05	1.6774485111236572
786	0	0.41741935483870973	0.046795323369777014	0.37419354838709673	0.4838709677419355	5466	5460.2	15	13.9	10	9.8	33.9	37	0.8	2.8371810913085938e-05	1.6600642204284668
787	0	0.4025806451612904	0.041229794344956036	0.37419354838709673	0.4903225806451613	5466	5459.3	15	13.2	10	9.7	32.4	37	0.8	4.458427429199219e-05	1.6220438480377197
788	0	0.4270967741935484	0.05890432108652042	0.37419354838709673	0.5161290322580645	5466	5457.5	15	12.4	10	9.5	30.9	37	0.8	3.910064697265625e-05	1.5163347721099854
789	0	0.4258064516129033	0.056832814311084515	0.37419354838709673	0.5032258064516129	5466	5457.5	15	11.9	10	9.6	29.8	37	0.8	3.504753112792969e-05	1.490088939666748
790	0	0.4232258064516129	0.0540705208767922	0.37419354838709673	0.5096774193548388	5466	5457.5	15	13.2	10	9.5	33.0	37	0.8	3.838539123535156e-05	1.5987942218780518
791	0	0.4264516129032258	0.061303903418963995	0.37419354838709673	0.5548387096774193	5466	5457.6	15	11.6	10	9.1	28.5	37	0.8	4.2438507080078125e-05	1.621199607849121
792	0	0.42387096774193556	0.05497516230392954	0.37419354838709673	0.5096774193548388	5466	5458.4	15	11.7	10	9.0	28.8	37	0.8	3.4332275390625e-05	1.6215593814849854
793	0	0.4180645161290323	0.05593217239146646	0.37419354838709673	0.5290322580645161	5466	5457.5	15	13.6	10	10.0	33.7	37	0.8	4.410743713378906e-05	1.597292184829712
794	0	0.4264516129032258	0.0699308414123923	0.37419354838709673	0.5612903225806452	5466	5457.6	15	13.7	10	9.9	33.9	37	0.8	4.076957702636719e-05	1.7236685752868652
795	0	0.4264516129032258	0.05937236767810827	0.37419354838709673	0.5354838709677419	5466	5457.6	15	10.1	10	8.7	24.8	37	0.8	4.6253204345703125e-05	1.6541075706481934
796	0	0.4232258064516129	0.056480177105133644	0.37419354838709673	0.5354838709677419	5466	5456.7	15	12.5	10	9.7	31.2	37	0.8	4.100799560546875e-05	1.6314105987548828
797	0	0.41741935483870973	0.04871288175745207	0.37419354838709673	0.5096774193548388	5466	5460.6	15	11.2	10	8.9	27.5	37	0.8	3.790855407714844e-05	1.6256897449493408
798	0	0.42000000000000004	0.05530729592296204	0.37419354838709673	0.5354838709677419	5466	5458.0	15	12.1	10	9.3	30.1	37	0.8	4.5299530029296875e-05	1.6205878257751465
799	0	0.4270967741935484	0.059045477102697065	0.37419354838709673	0.5161290322580645	5466	5457.1	15	12.2	10	9.1	30.2	37	0.8	4.1961669921875e-05	1.6495087146759033
800	0	0.42451612903225805	0.05862098937600284	0.37419354838709673	0.5161290322580645	5466	5458.5	15	12.8	10	9.1	32.1	37	0.8	4.291534423828125e-05	1.688737392425537
801	0	0.42838709677419357	0.060466449103793465	0.37419354838709673	0.5225806451612903	5466	5458.4	15	12.4	10	9.4	30.9	37	0.8	4.220008850097656e-05	1.674774408340454
802	0	0.42451612903225805	0.05890432108652042	0.37419354838709673	0.5290322580645161	5466	5459.3	15	11.7	10	9.1	29.0	37	0.8	2.7894973754882812e-05	1.614020586013794
803	0	0.41225806451612906	0.04665279016720238	0.37419354838709673	0.5032258064516129	5466	5458.0	15	12.8	10	9.7	31.7	37	0.8	4.410743713378906e-05	1.643977403640747
804	0	0.42774193548387096	0.06127673873238867	0.37419354838709673	0.5290322580645161	5466	5458.8	15	12.7	10	9.6	31.7	37	0.8	4.839897155761719e-05	1.632638692855835
805	0	0.4393548387096774	0.07706639973933206	0.37419354838709673	0.5935483870967742	5466	5458.4	15	12.6	10	9.5	31.5	37	0.8	5.221366882324219e-05	1.645862340927124
806	0	0.41225806451612906	0.05091871876742102	0.37419354838709673	0.5161290322580645	5466	5458.9	15	10.8	10	8.9	26.4	37	0.8	5.1975250244140625e-05	1.62172532081604
807	0	0.42774193548387096	0.060180097380343266	0.37419354838709673	0.5290322580645161	5466	5456.5	15	15.0	10	10.1	37.9	37	0.8	3.457069396972656e-05	1.6303751468658447
808	0	0.42451612903225805	0.05615498102448762	0.37419354838709673	0.5096774193548388	5466	5458.0	15	13.0	10	9.8	32.1	37	0.8	4.76837158203125e-05	1.6854524612426758
809	0	0.42838709677419357	0.06189514815593009	0.37419354838709673	0.5354838709677419	5466	5458.2	15	13.7	10	9.9	34.0	37	0.8	3.2901763916015625e-05	1.612046241760254
810	0	0.4309677419354839	0.06437403707492347	0.37419354838709673	0.5354838709677419	5466	5456.7	15	11.7	10	9.2	29.1	37	0.8	4.696846008300781e-05	1.6748409271240234
811	0	0.4161290322580645	0.05581670612479987	0.37419354838709673	0.5096774193548388	5466	5457.6	15	13.4	10	9.7	33.0	37	0.8	5.602836608886719e-05	1.6166975498199463
812	0	0.42774193548387096	0.060593663790624856	0.37419354838709673	0.5354838709677419	5466	5459.7	15	12.2	10	9.5	30.6	37	0.8	3.123283386230469e-05	1.6821882724761963
813	0	0.4232258064516129	0.05655382451822227	0.37419354838709673	0.5096774193548388	5466	5458.7	15	12.8	10	9.6	32.1	37	0.8	5.626678466796875e-05	1.675278902053833
814	0	0.4225806451612903	0.05376559135484044	0.37419354838709673	0.5161290322580645	5466	5458.4	15	10.8	10	8.6	26.1	37	0.8	2.8848648071289062e-05	1.623553991317749
815	0	0.4232258064516129	0.058436087092770345	0.37419354838709673	0.5161290322580645	5466	5457.9	15	11.1	10	9.1	27.8	37	0.8	3.314018249511719e-05	1.4411342144012451
816	0	0.4141935483870968	0.04953897760116768	0.37419354838709673	0.5096774193548388	5466	5459.3	15	11.7	10	9.1	28.6	37	0.8	4.1961669921875e-05	1.5052731037139893
817	0	0.40387096774193554	0.04406031246184225	0.37419354838709673	0.5032258064516129	5466	5458.4	15	13.1	10	10.0	32.6	37	0.7	4.3392181396484375e-05	1.599759817123413
818	0	0.4187096774193549	0.0503432546449017	0.37419354838709673	0.5032258064516129	5466	5458.0	15	11.9	10	9.3	29.4	37	0.8	4.1484832763671875e-05	1.5924873352050781
819	0	0.42451612903225805	0.0554088014286036	0.37419354838709673	0.5032258064516129	5466	5457.5	15	13.3	10	9.4	32.5	37	0.8	4.3392181396484375e-05	1.6464011669158936
820	0	0.4232258064516129	0.05445405895744309	0.37419354838709673	0.5161290322580645	5466	5457.9	15	10.5	10	8.5	25.6	37	0.8	3.6716461181640625e-05	1.5681893825531006
821	0	0.4258064516129033	0.05668614873932597	0.37419354838709673	0.49677419354838714	5466	5459.3	15	10.6	10	8.8	26.5	37	0.8	3.5762786865234375e-05	1.672605037689209
822	0	0.41483870967741937	0.04776372650033447	0.37419354838709673	0.49677419354838714	5466	5456.3	15	12.2	10	9.6	30.6	37	0.8	3.4809112548828125e-05	1.6564373970031738
823	0	0.43612903225806454	0.07390969544061776	0.37419354838709673	0.5870967741935484	5466	5458.8	15	12.4	10	9.3	30.7	37	0.8	3.528594970703125e-05	1.652679681777954
824	0	0.4258064516129033	0.057270557473992664	0.37419354838709673	0.5161290322580645	5466	5458.8	15	11.2	10	9.0	27.6	37	0.8	4.1484832763671875e-05	1.6475813388824463
825	0	0.4180645161290323	0.05365322035172075	0.37419354838709673	0.5032258064516129	5466	5455.5	15	12.3	10	9.7	31.3	37	0.8	3.504753112792969e-05	1.6573514938354492
826	0	0.41677419354838713	0.045910830644276646	0.37419354838709673	0.4774193548387097	5466	5458.4	15	10.7	10	8.7	26.1	37	0.8	4.1484832763671875e-05	1.6368014812469482
827	0	0.4296774193548387	0.06236410825081071	0.37419354838709673	0.5225806451612903	5466	5458.3	15	11.6	10	9.0	28.6	37	0.8	2.4318695068359375e-05	1.637937307357788
828	0	0.4232258064516129	0.05399348633008434	0.37419354838709673	0.5032258064516129	5466	5457.6	15	10.9	10	9.1	27.4	37	0.8	4.363059997558594e-05	1.6784508228302002
829	0	0.415483870967742	0.05573835113923919	0.37419354838709673	0.5161290322580645	5466	5459.3	15	13.7	10	10.0	34.4	37	0.8	4.5299530029296875e-05	1.7163362503051758
830	0	0.4303225806451613	0.06315005336794745	0.37419354838709673	0.5354838709677419	5466	5457.6	15	11.7	10	9.1	28.7	37	0.8	4.649162292480469e-05	1.5820083618164062
831	0	0.42000000000000004	0.050918718767421045	0.37419354838709673	0.49677419354838714	5466	5457.6	15	11.0	10	8.8	27.4	37	0.8	4.100799560546875e-05	1.6308729648590088
832	0	0.42387096774193556	0.06458383544051961	0.37419354838709673	0.5483870967741935	5466	5458.8	15	12.5	10	9.6	31.4	37	0.8	4.100799560546875e-05	1.6272497177124023
833	0	0.41225806451612906	0.050425865883017146	0.37419354838709673	0.5096774193548388	5466	5459.7	15	12.6	10	9.3	30.8	37	0.7	4.220008850097656e-05	1.6082229614257812
834	0	0.40387096774193554	0.043105272486426	0.37419354838709673	0.49677419354838714	5466	5458.5	15	12.1	10	9.2	29.8	37	0.7	3.0040740966796875e-05	1.6084308624267578
835	0	0.4258064516129032	0.0595508684346546	0.37419354838709673	0.5290322580645161	5466	5460.6	15	11.9	10	8.9	29.0	37	0.8	4.2438507080078125e-05	1.6785590648651123
836	0	0.4270967741935484	0.06023194847475513	0.37419354838709673	0.5161290322580645	5466	5459.4	15	11.9	10	9.0	29.5	37	0.8	3.147125244140625e-05	1.723984718322754
837	0	0.42000000000000004	0.05477795496032869	0.37419354838709673	0.5161290322580645	5466	5457.7	15	12.3	10	9.4	30.8	37	0.8	4.553794860839844e-05	1.739457368850708
838	0	0.4316129032258065	0.06531441605686387	0.37419354838709673	0.5161290322580645	5466	5461.5	15	10.9	10	8.8	27.1	37	0.8	2.8848648071289062e-05	1.71852707862854
839	0	0.4180645161290323	0.0501236763859485	0.37419354838709673	0.49677419354838714	5466	5460.3	15	11.6	10	9.0	28.8	37	0.8	4.601478576660156e-05	1.7126185894012451
840	0	0.4264516129032258	0.05930222071637674	0.37419354838709673	0.5096774193548388	5466	5459.7	15	12.1	10	9.3	29.8	37	0.8	4.4345855712890625e-05	1.6714367866516113
841	0	0.42387096774193556	0.056395363681290854	0.37419354838709673	0.5161290322580645	5466	5458.5	15	11.2	10	9.1	28.1	37	0.8	4.220008850097656e-05	1.6705207824707031
842	0	0.42774193548387096	0.061885060119328844	0.37419354838709673	0.5354838709677419	5466	5458.9	15	11.4	10	9.0	28.4	37	0.8	2.5987625122070312e-05	1.6565570831298828
843	0	0.4219354838709678	0.05437756775665931	0.37419354838709673	0.5032258064516129	5466	5461.1	15	13.0	10	9.6	32.4	37	0.8	4.220008850097656e-05	1.7092006206512451
844	0	0.4219354838709678	0.05551387035948118	0.37419354838709673	0.5161290322580645	5466	5461.1	15	11.1	10	9.0	27.5	37	0.8	4.291534423828125e-05	1.638068675994873
845	0	0.4296774193548387	0.06536219428084615	0.37419354838709673	0.5548387096774193	5466	5458.4	15	11.8	10	9.2	29.2	37	0.8	4.744529724121094e-05	1.6651978492736816
846	0	0.4180645161290323	0.057978430809447666	0.37419354838709673	0.5483870967741935	5466	5459.8	15	12.0	10	9.1	29.6	37	0.8	4.601478576660156e-05	1.6228177547454834
847	0	0.42451612903225805	0.05995489112510423	0.37419354838709673	0.5161290322580645	5466	5461.1	15	11.5	10	9.0	28.3	37	0.8	4.124641418457031e-05	1.5928478240966797
848	0	0.42129032258064514	0.052970060064789735	0.37419354838709673	0.49677419354838714	5466	5462.0	15	12.7	10	9.5	31.5	37	0.8	4.482269287109375e-05	1.6221847534179688
849	0	0.44000000000000006	0.07561334360765735	0.37419354838709673	0.5419354838709678	5466	5462.0	15	12.5	10	9.5	31.1	37	0.8	5.245208740234375e-05	1.6184444427490234
850	0	0.41483870967741937	0.04758911898299364	0.37419354838709673	0.49677419354838714	5466	5460.2	15	12.0	10	9.2	29.9	37	0.8	4.553794860839844e-05	1.6653032302856445
851	0	0.4225806451612903	0.05438139487196522	0.37419354838709673	0.5032258064516129	5466	5460.3	15	11.6	10	9.2	28.5	37	0.8	4.4345855712890625e-05	1.633469820022583
852	0	0.42516129032258065	0.058453891574184305	0.37419354838709673	0.5225806451612903	5466	5458.9	15	11.8	10	9.3	29.3	37	0.8	4.38690185546875e-05	1.6769952774047852
853	0	0.43612903225806454	0.07220043785051761	0.37419354838709673	0.5612903225806452	5466	5462.0	15	10.7	10	8.8	26.8	37	0.8	4.553794860839844e-05	1.6369154453277588
854	0	0.41225806451612906	0.05213046947875035	0.37419354838709673	0.5032258064516129	5466	5459.4	15	13.4	10	10.1	33.6	37	0.7	5.0067901611328125e-05	1.6178350448608398
855	0	0.4303225806451613	0.06717427286129184	0.37419354838709673	0.5612903225806452	5466	5458.9	15	11.8	10	9.1	29.4	37	0.8	2.7418136596679688e-05	1.5818824768066406
856	0	0.4219354838709678	0.05391634171813211	0.37419354838709673	0.5096774193548388	5466	5461.1	15	12.2	10	9.2	30.0	37	0.8	4.076957702636719e-05	1.6368541717529297
857	0	0.3929032258064516	0.04332199216567625	0.37419354838709673	0.5225806451612903	5466	5459.8	15	13.6	10	10.2	34.0	37	0.8	4.076957702636719e-05	1.6190907955169678
858	0	0.4232258064516129	0.05684746005654375	0.37419354838709673	0.5096774193548388	5466	5461.6	15	11.3	10	8.8	28.0	37	0.8	4.458427429199219e-05	1.7052762508392334
859	0	0.42387096774193544	0.06717427286129184	0.37419354838709673	0.5612903225806452	5466	5461.6	15	13.3	10	9.5	32.7	37	0.8	4.315376281738281e-05	1.5974724292755127
860	0	0.4258064516129032	0.05976018671953247	0.37419354838709673	0.5161290322580645	5466	5461.6	15	12.3	10	9.1	30.3	37	0.8	3.4332275390625e-05	1.5162546634674072
861	0	0.4258064516129032	0.0613412352206695	0.37419354838709673	0.5290322580645161	5466	5460.8	15	12.2	10	9.1	29.9	37	0.8	3.910064697265625e-05	1.5559380054473877
862	0	0.41677419354838713	0.04965646814166158	0.37419354838709673	0.5032258064516129	5466	5460.7	15	12.1	10	9.0	30.0	37	0.8	3.933906555175781e-05	1.6923835277557373
863	0	0.42387096774193544	0.057564152332114496	0.37419354838709673	0.5096774193548388	5466	5459.9	15	13.5	10	9.8	33.4	37	0.8	4.100799560546875e-05	1.6459124088287354
864	0	0.42451612903225805	0.058691950531840835	0.37419354838709673	0.5161290322580645	5466	5460.7	15	13.2	10	9.4	32.8	37	0.8	4.601478576660156e-05	1.6452221870422363
865	0	0.4096774193548387	0.04636640931311214	0.37419354838709673	0.5032258064516129	5466	5461.6	15	12.5	10	9.4	31.0	37	0.8	4.38690185546875e-05	1.6454038619995117
866	0	0.42129032258064514	0.055502622487749995	0.37419354838709673	0.5161290322580645	5466	5461.6	15	10.4	10	8.5	25.7	37	0.8	3.266334533691406e-05	1.585993766784668
867	0	0.432258064516129	0.06906541259908458	0.37419354838709673	0.5483870967741935	5466	5462.5	15	13.4	10	9.4	32.8	37	0.8	2.8133392333984375e-05	1.673412799835205
868	0	0.4135483870967742	0.05752075135660619	0.37419354838709673	0.5161290322580645	5466	5461.6	15	12.3	10	9.2	30.5	37	0.8	4.792213439941406e-05	1.6619770526885986
869	0	0.4225806451612903	0.059498423802346066	0.37419354838709673	0.5354838709677419	5466	5463.4	15	13.5	10	9.4	33.6	37	0.9	5.459785461425781e-05	1.6596972942352295
870	0	0.4025806451612903	0.044248846966405825	0.37419354838709673	0.4903225806451613	5466	5461.7	15	14.8	10	10.2	36.7	37	0.8	4.00543212890625e-05	1.594223976135254
871	0	0.4219354838709677	0.058078851277042084	0.37419354838709673	0.5161290322580645	5466	5465.1	15	10.8	10	8.3	26.5	37	0.8	4.506111145019531e-05	1.6149308681488037
872	0	0.41548387096774186	0.060397572843708135	0.37419354838709673	0.5161290322580645	5466	5465.1	15	12.6	10	9.0	31.0	37	0.8	3.7670135498046875e-05	1.67030668258667
873	0	0.4064516129032258	0.054895606157890735	0.37419354838709673	0.5290322580645161	5478	5465.1	15	14.6	10	9.8	36.1	37	0.7	4.1961669921875e-05	1.660376787185669
874	0	0.42709677419354836	0.06734445600361234	0.37419354838709673	0.5548387096774193	5478	5466.3	15	13.7	10	9.5	33.7	37	0.7	4.458427429199219e-05	1.6171960830688477
875	0	0.4316129032258065	0.07261719509822315	0.37419354838709673	0.5548387096774193	5478	5468.4	15	14.5	10	9.8	36.1	37	0.7	2.5033950805664062e-05	1.6221840381622314
876	0	0.4193548387096774	0.055648667491220216	0.37419354838709673	0.5032258064516129	5478	5467.2	15	14.5	10	9.4	35.4	37	0.7	3.2901763916015625e-05	1.6038060188293457
877	0	0.3929032258064516	0.03960785929850539	0.37419354838709673	0.49677419354838714	5466	5467.2	15	14.2	10	9.8	35.1	37	0.7	4.696846008300781e-05	1.5800063610076904
878	0	0.4161290322580645	0.06466112738253839	0.37419354838709673	0.5354838709677419	5466	5468.4	15	14.5	10	10.0	35.8	37	0.8	4.029273986816406e-05	1.598628044128418
879	0	0.4058064516129032	0.03981748161086319	0.37419354838709673	0.4774193548387097	5466	5467.2	15	14.3	10	9.7	35.3	37	0.8	4.220008850097656e-05	1.6383581161499023
880	0	0.4064516129032258	0.049134020037831704	0.37419354838709673	0.49677419354838714	5466	5468.4	15	13.8	10	9.7	34.1	37	0.8	4.100799560546875e-05	1.5710198879241943
881	0	0.4083870967741935	0.052654806200621164	0.37419354838709673	0.5354838709677419	5466	5467.2	15	15.1	10	9.8	37.6	37	0.8	3.504753112792969e-05	1.4831838607788086
882	0	0.4064516129032258	0.05063591450412542	0.37419354838709673	0.49677419354838714	5466	5467.2	15	13.4	10	9.6	33.1	37	0.8	2.765655517578125e-05	1.5286502838134766
883	0	0.416774193548387	0.0642057047980631	0.37419354838709673	0.5354838709677419	5466	5467.2	15	13.7	10	9.4	33.8	37	0.8	2.7418136596679688e-05	1.4180235862731934
884	0	0.4090322580645161	0.04396574203200214	0.37419354838709673	0.4774193548387097	5466	5467.2	15	13.2	10	9.2	32.2	37	0.8	2.86102294921875e-05	1.385364294052124
885	0	0.40774193548387094	0.0501236763859485	0.37419354838709673	0.49677419354838714	5466	5469.6	15	12.8	10	9.2	31.4	37	0.8	2.8848648071289062e-05	1.496126651763916
886	0	0.42516129032258065	0.0626471213274317	0.37419354838709673	0.5161290322580645	5466	5467.2	15	12.4	10	9.2	30.9	37	0.8	2.6464462280273438e-05	1.619832992553711
887	0	0.4193548387096774	0.05572341388823019	0.37419354838709673	0.49677419354838714	5466	5468.4	15	12.9	10	9.2	31.8	37	0.8	4.649162292480469e-05	1.7316420078277588
888	0	0.4096774193548387	0.06142599584590203	0.37419354838709673	0.5419354838709678	5466	5467.2	15	14.3	10	9.7	35.3	37	0.7	4.1484832763671875e-05	1.667557954788208
889	0	0.4006451612903225	0.0406451612903226	0.37419354838709673	0.47096774193548385	5466	5467.2	15	14.9	10	10.1	36.9	37	0.8	4.38690185546875e-05	1.7161927223205566
890	0	0.416774193548387	0.0526666622760221	0.37419354838709673	0.49677419354838714	5466	5467.2	15	14.3	10	9.5	35.2	37	0.8	3.7670135498046875e-05	1.6296491622924805
891	0	0.41548387096774186	0.0517900186848761	0.37419354838709673	0.49677419354838714	5466	5469.3	15	16.4	10	10.7	40.9	37	0.8	3.62396240234375e-05	1.6281328201293945
892	0	0.4187096774193548	0.05715779498524627	0.37419354838709673	0.5161290322580645	5466	5467.2	15	13.4	10	9.5	33.1	37	0.8	4.38690185546875e-05	1.6215784549713135
893	0	0.4225806451612903	0.059638173669092256	0.37419354838709673	0.5032258064516129	5466	5468.4	15	12.0	10	8.7	29.6	37	0.8	3.123283386230469e-05	1.5739860534667969
894	0	0.4129032258064516	0.058207708741367555	0.37419354838709673	0.5161290322580645	5466	5467.2	15	12.8	10	9.1	31.4	37	0.8	4.673004150390625e-05	1.6380469799041748
895	0	0.42387096774193544	0.06093615840061098	0.37419354838709673	0.5032258064516129	5466	5468.4	15	14.5	10	9.7	36.3	37	0.8	3.9577484130859375e-05	1.6524031162261963
896	0	0.4296774193548387	0.06871497783584182	0.37419354838709673	0.5354838709677419	5466	5468.4	15	14.4	10	9.8	35.8	37	0.8	4.220008850097656e-05	1.6372370719909668
897	0	0.39935483870967736	0.047185069685745956	0.37419354838709673	0.49677419354838714	5466	5467.2	15	14.4	10	9.9	35.7	37	0.8	4.410743713378906e-05	1.663391351699829
898	0	0.3870967741935483	0.02691181111563124	0.37419354838709673	0.46451612903225803	5466	5468.4	15	15.0	10	10.0	36.8	37	0.8	2.7894973754882812e-05	1.6170787811279297
899	0	0.4225806451612903	0.05991669555163458	0.37419354838709673	0.5161290322580645	5466	5467.2	15	14.8	10	9.8	36.4	37	0.8	5.0067901611328125e-05	1.6155099868774414
900	0	0.4090322580645161	0.048725697002578616	0.37419354838709673	0.49677419354838714	5466	5469.6	15	11.6	10	8.7	28.6	37	0.8	4.363059997558594e-05	1.6306211948394775
901	0	0.4219354838709677	0.060878070255924906	0.37419354838709673	0.5354838709677419	5466	5467.2	15	14.2	10	9.5	34.8	37	0.8	3.981590270996094e-05	1.6630337238311768
902	0	0.4129032258064516	0.05096365847259744	0.37419354838709673	0.5161290322580645	5466	5467.2	15	13.7	10	9.4	33.6	37	0.8	4.458427429199219e-05	1.6573989391326904
903	0	0.41548387096774186	0.05551387035948119	0.37419354838709673	0.5161290322580645	5466	5467.8	15	12.4	10	8.7	30.1	37	0.8	4.3392181396484375e-05	1.7247827053070068
904	0	0.3948387096774193	0.041290322580645175	0.37419354838709673	0.4774193548387097	5466	5467.2	15	14.8	10	9.8	36.5	37	0.6	3.218650817871094e-05	1.651993989944458
905	0	0.41096774193548385	0.05382748873191266	0.37419354838709673	0.5032258064516129	5466	5467.2	15	13.0	10	9.3	32.2	37	0.8	4.220008850097656e-05	1.6349990367889404
906	0	0.42709677419354836	0.06533671690927571	0.37419354838709673	0.5290322580645161	5466	5468.4	15	12.6	10	9.0	30.9	37	0.8	2.6702880859375e-05	1.6700072288513184
907	0	0.41483870967741937	0.050804147413187214	0.37419354838709673	0.49677419354838714	5466	5467.2	15	14.2	10	9.4	34.6	37	0.8	3.170967102050781e-05	1.7014830112457275
908	0	0.40451612903225803	0.048024447468248854	0.37419354838709673	0.5161290322580645	5466	5469.6	15	12.9	10	9.3	31.9	37	0.8	5.054473876953125e-05	1.6509439945220947
909	0	0.40774193548387094	0.0519184504225309	0.37419354838709673	0.49677419354838714	5466	5468.4	15	15.7	10	9.7	38.8	37	0.8	3.1948089599609375e-05	1.6475260257720947
910	0	0.4258064516129032	0.06503020990118276	0.37419354838709673	0.5419354838709678	5466	5468.4	15	14.4	10	9.8	35.6	37	0.8	3.4809112548828125e-05	1.6081523895263672
911	0	0.41483870967741937	0.06228730718883768	0.37419354838709673	0.5161290322580645	5466	5467.2	15	13.4	10	9.2	32.9	37	0.8	4.7206878662109375e-05	1.6515371799468994
912	0	0.4354838709677419	0.07640464053114203	0.37419354838709673	0.5548387096774193	5466	5468.4	15	13.1	10	9.1	32.7	37	0.8	4.172325134277344e-05	1.657776117324829
913	0	0.4264516129032258	0.06460960969493909	0.37419354838709673	0.5290322580645161	5466	5468.0	15	14.4	10	9.5	35.5	37	0.8	4.649162292480469e-05	1.6413874626159668
914	0	0.4006451612903225	0.053079956573101036	0.37419354838709673	0.5161290322580645	5466	5468.4	15	13.3	10	9.2	32.8	37	0.7	3.719329833984375e-05	1.6302411556243896
915	0	0.4258064516129032	0.06354101807610395	0.37419354838709673	0.5161290322580645	5466	5469.6	15	13.3	10	9.3	33.1	37	0.8	5.078315734863281e-05	1.6281566619873047
916	0	0.39096774193548384	0.032283860653411114	0.37419354838709673	0.46451612903225803	5466	5467.2	15	15.0	10	10.0	36.9	37	0.7	5.054473876953125e-05	1.6710667610168457
917	0	0.40709677419354834	0.050508342002709275	0.37419354838709673	0.49677419354838714	5466	5467.2	15	13.3	10	9.2	32.6	37	0.8	4.601478576660156e-05	1.703078269958496
918	0	0.4129032258064516	0.05863518847742847	0.37419354838709673	0.5225806451612903	5466	5468.4	15	13.7	10	9.5	33.9	37	0.8	4.38690185546875e-05	1.6030867099761963
919	0	0.4161290322580645	0.05422809958498802	0.37419354838709673	0.5161290322580645	5466	5468.4	15	12.3	10	8.9	30.3	37	0.8	4.482269287109375e-05	1.6626949310302734
920	0	0.4290322580645161	0.06792601716965879	0.37419354838709673	0.5354838709677419	5466	5468.4	15	13.6	10	9.3	33.8	37	0.8	4.2438507080078125e-05	1.6777517795562744
921	0	0.4258064516129032	0.06399791880070838	0.37419354838709673	0.5161290322580645	5466	5469.6	15	11.6	10	8.7	28.5	37	0.8	4.601478576660156e-05	1.6161234378814697
922	0	0.4193548387096774	0.05594705390626789	0.37419354838709673	0.5032258064516129	5466	5469.6	15	13.1	10	9.2	32.5	37	0.8	4.3392181396484375e-05	1.664130687713623
923	0	0.4064516129032258	0.047933356441307653	0.37419354838709673	0.4838709677419355	5466	5468.4	15	11.7	10	8.8	28.8	37	0.8	3.933906555175781e-05	1.6640784740447998
924	0	0.4180645161290323	0.06578114630467558	0.37419354838709673	0.5290322580645161	5466	5467.2	15	14.5	10	9.9	36.0	37	0.8	4.2438507080078125e-05	1.6556689739227295
925	0	0.41161290322580646	0.04703929324789211	0.37419354838709673	0.4838709677419355	5466	5467.2	15	14.4	10	9.6	35.7	37	0.8	4.744529724121094e-05	1.5981173515319824
926	0	0.4135483870967741	0.04934113239999716	0.37419354838709673	0.4903225806451613	5466	5467.2	15	12.4	10	9.0	30.5	37	0.8	3.910064697265625e-05	1.7256057262420654
927	0	0.4193548387096774	0.05639167324751529	0.37419354838709673	0.5096774193548388	5466	5468.4	15	13.7	10	9.4	33.7	37	0.8	3.7670135498046875e-05	1.7271273136138916
928	0	0.416774193548387	0.05558879800913039	0.37419354838709673	0.5096774193548388	5466	5467.2	15	13.8	10	9.4	34.1	37	0.8	3.62396240234375e-05	1.5806159973144531
929	0	0.42064516129032253	0.05797843080944769	0.37419354838709673	0.5161290322580645	5466	5467.5	15	13.6	10	9.4	33.5	37	0.8	4.649162292480469e-05	1.6792879104614258
930	0	0.41096774193548385	0.05542757834514402	0.37419354838709673	0.5161290322580645	5466	5468.4	15	12.8	10	9.3	31.6	37	0.8	2.7418136596679688e-05	1.6918573379516602
931	0	0.4180645161290323	0.05427029895435637	0.37419354838709673	0.5032258064516129	5466	5467.2	15	13.6	10	9.5	33.8	37	0.8	5.4836273193359375e-05	1.5990715026855469
932	0	0.42064516129032253	0.057256019954409806	0.37419354838709673	0.5032258064516129	5466	5468.4	15	13.2	10	9.2	32.9	37	0.8	4.410743713378906e-05	1.6155321598052979
933	0	0.42064516129032253	0.06009357946939365	0.37419354838709673	0.5354838709677419	5466	5466.4	15	13.0	10	9.2	32.2	37	0.8	5.0067901611328125e-05	1.6157903671264648
934	0	0.4232258064516129	0.06067260875101292	0.37419354838709673	0.5161290322580645	5466	5468.4	15	12.9	10	9.1	31.9	37	0.8	4.291534423828125e-05	1.55434250831604
935	0	0.4058064516129032	0.04436627418568827	0.37419354838709673	0.4903225806451613	5466	5467.2	15	14.4	10	9.9	36.0	37	0.8	3.4332275390625e-05	1.642259120941162
936	0	0.41161290322580646	0.053342004151211354	0.37419354838709673	0.49677419354838714	5466	5467.2	15	15.3	10	10.1	37.8	37	0.8	4.315376281738281e-05	1.589897871017456
937	0	0.40774193548387094	0.04296987304605606	0.37419354838709673	0.4774193548387097	5466	5468.4	15	14.7	10	9.7	36.2	37	0.8	3.3855438232421875e-05	1.6634776592254639
938	0	0.3974193548387096	0.043393991537549026	0.37419354838709673	0.4903225806451613	5466	5467.2	15	14.2	10	9.6	34.9	37	0.8	4.124641418457031e-05	1.6402781009674072
939	0	0.4187096774193548	0.05590612020874825	0.37419354838709673	0.49677419354838714	5466	5469.6	15	13.5	10	9.5	33.7	37	0.8	3.218650817871094e-05	1.6834146976470947
940	0	0.42322580645161284	0.062297330088120335	0.37419354838709673	0.5225806451612903	5466	5467.2	15	12.7	10	9.1	31.5	37	0.8	4.291534423828125e-05	1.6157317161560059
941	0	0.4264516129032258	0.06663925902103063	0.37419354838709673	0.5548387096774193	5466	5469.6	15	12.3	10	9.0	30.3	37	0.8	2.7179718017578125e-05	1.6675570011138916
942	0	0.40709677419354834	0.050508342002709275	0.37419354838709673	0.49677419354838714	5466	5468.4	15	15.7	10	10.0	38.6	37	0.8	2.765655517578125e-05	1.6815159320831299
943	0	0.412258064516129	0.0551565740296555	0.37419354838709673	0.5161290322580645	5466	5468.4	15	12.4	10	9.1	30.7	37	0.8	3.6716461181640625e-05	1.634859561920166
944	0	0.4219354838709677	0.0597741152098089	0.37419354838709673	0.5161290322580645	5466	5467.2	15	13.3	10	9.2	32.7	37	0.8	4.124641418457031e-05	1.6491186618804932
945	0	0.41161290322580635	0.0508655570178762	0.37419354838709673	0.5161290322580645	5466	5469.6	15	15.0	10	9.7	37.0	37	0.8	3.910064697265625e-05	1.605053186416626
946	0	0.42838709677419357	0.06943805959779983	0.37419354838709673	0.5419354838709678	5466	5468.4	15	14.2	10	9.8	35.2	37	0.8	4.2438507080078125e-05	1.5996294021606445
947	0	0.4174193548387096	0.057996375788307374	0.37419354838709673	0.5161290322580645	5466	5467.2	15	14.6	10	9.8	36.0	37	0.8	4.839897155761719e-05	1.6461513042449951
948	0	0.4096774193548387	0.05337710655967241	0.37419354838709673	0.5032258064516129	5466	5467.2	15	13.1	10	9.1	32.5	37	0.8	3.695487976074219e-05	1.6142830848693848
949	0	0.4180645161290323	0.056891374671093176	0.37419354838709673	0.5161290322580645	5466	5467.4	15	13.7	10	9.4	33.7	37	0.8	4.38690185546875e-05	1.6751840114593506
950	0	0.41483870967741937	0.061344627894282924	0.37419354838709673	0.5290322580645161	5466	5467.2	15	11.8	10	9.0	29.4	37	0.8	4.839897155761719e-05	1.6476221084594727
951	0	0.41096774193548385	0.056689820003132094	0.37419354838709673	0.5161290322580645	5466	5467.9	15	12.6	10	9.0	30.9	37	0.8	4.029273986816406e-05	1.6753239631652832
952	0	0.4193548387096774	0.055648667491220216	0.37419354838709673	0.5032258064516129	5466	5467.2	15	13.5	10	9.3	33.2	37	0.8	4.00543212890625e-05	1.6268794536590576
953	0	0.42129032258064514	0.05813973622403006	0.37419354838709673	0.5032258064516129	5466	5467.2	15	13.6	10	9.2	33.1	37	0.8	3.719329833984375e-05	1.6709070205688477
954	0	0.41096774193548385	0.04930737755944647	0.37419354838709673	0.49677419354838714	5466	5468.4	15	13.9	10	9.4	34.0	37	0.8	3.814697265625e-05	1.6278712749481201
955	0	0.4090322580645161	0.05422426165019538	0.37419354838709673	0.5096774193548388	5466	5468.1	15	15.1	10	10.0	37.5	37	0.7	4.673004150390625e-05	1.6903865337371826
956	0	0.42064516129032253	0.061935483870967756	0.37419354838709673	0.5548387096774193	5466	5467.2	15	14.0	10	9.1	34.2	37	0.8	2.7418136596679688e-05	1.6355953216552734
957	0	0.41032258064516125	0.05588750407150381	0.37419354838709673	0.5161290322580645	5466	5468.4	15	12.6	10	9.1	31.1	37	0.8	4.458427429199219e-05	1.6665823459625244
958	0	0.41032258064516125	0.0493200383319133	0.37419354838709673	0.49677419354838714	5466	5468.4	15	13.5	10	9.4	33.3	37	0.8	4.220008850097656e-05	1.6052188873291016
959	0	0.41161290322580646	0.048691515520292175	0.37419354838709673	0.49677419354838714	5466	5469.6	15	15.1	10	10.0	37.4	37	0.8	3.218650817871094e-05	1.7007880210876465
960	0	0.4129032258064516	0.05934081180679701	0.37419354838709673	0.5354838709677419	5466	5467.2	15	13.5	10	9.5	33.6	37	0.8	4.363059997558594e-05	1.6151914596557617
961	0	0.4193548387096774	0.055947053906267905	0.37419354838709673	0.5096774193548388	5466	5467.2	15	14.5	10	9.8	36.1	37	0.8	4.2438507080078125e-05	1.6191678047180176
962	0	0.41483870967741937	0.04997814298545631	0.37419354838709673	0.4838709677419355	5466	5469.6	15	14.2	10	9.5	34.9	37	0.8	2.7894973754882812e-05	1.5922152996063232
963	0	0.4083870967741935	0.05336150834000573	0.37419354838709673	0.5161290322580645	5466	5468.9	15	12.9	10	9.1	31.7	37	0.8	4.482269287109375e-05	1.5944840908050537
964	0	0.41483870967741937	0.054975162303929535	0.37419354838709673	0.5225806451612903	5466	5469.6	15	14.6	10	9.8	36.3	37	0.8	4.410743713378906e-05	1.6634125709533691
965	0	0.4296774193548387	0.07202728122298253	0.37419354838709673	0.5612903225806452	5466	5467.2	15	13.9	10	9.7	34.6	37	0.8	2.4557113647460938e-05	1.660118818283081
966	0	0.4025806451612903	0.05032258064516131	0.37419354838709673	0.5225806451612903	5466	5468.4	15	13.6	10	9.4	33.7	37	0.8	3.528594970703125e-05	1.6242620944976807
967	0	0.4135483870967741	0.05873802931158781	0.37419354838709673	0.5032258064516129	5466	5467.2	15	13.3	10	9.4	32.8	37	0.8	4.220008850097656e-05	1.6361136436462402
968	0	0.4180645161290323	0.05510750065564549	0.37419354838709673	0.5161290322580645	5466	5467.2	15	11.4	10	8.5	27.8	37	0.8	4.1961669921875e-05	1.6089930534362793
969	0	0.4225806451612903	0.06074459932829118	0.37419354838709673	0.5290322580645161	5466	5469.6	15	15.8	10	10.1	38.9	37	0.8	4.6253204345703125e-05	1.5783321857452393
970	0	0.43032258064516127	0.0687664463348169	0.37419354838709673	0.5161290322580645	5466	5468.4	15	15.1	10	9.9	37.7	37	0.8	3.9577484130859375e-05	1.6261913776397705
971	0	0.4180645161290323	0.055031917708738415	0.37419354838709673	0.49677419354838714	5466	5469.6	15	12.8	10	9.2	31.3	37	0.8	4.673004150390625e-05	1.5062968730926514
972	0	0.4135483870967742	0.060826769943236096	0.37419354838709673	0.5290322580645161	5466	5468.4	15	15.6	10	10.0	38.3	37	0.7	4.076957702636719e-05	1.5799756050109863
973	0	0.4174193548387096	0.06347875667833831	0.37419354838709673	0.5548387096774193	5466	5468.4	15	13.4	10	9.3	33.2	37	0.8	2.8371810913085938e-05	1.6593592166900635
974	0	0.4064516129032258	0.050140281878001174	0.37419354838709673	0.49677419354838714	5466	5467.2	15	14.2	10	9.6	35.1	37	0.7	4.00543212890625e-05	1.5068721771240234
975	0	0.4090322580645161	0.05195050874631589	0.37419354838709673	0.49677419354838714	5466	5469.6	15	15.3	10	10.2	38.3	37	0.8	2.5987625122070312e-05	1.480288028717041
976	0	0.41548387096774186	0.05352895100049432	0.37419354838709673	0.5032258064516129	5466	5467.2	15	13.7	10	9.5	33.9	37	0.8	3.600120544433594e-05	1.5961382389068604
977	0	0.4251612903225806	0.06695083384040171	0.37419354838709673	0.5548387096774193	5466	5467.2	15	14.0	10	9.7	34.4	37	0.8	4.315376281738281e-05	1.6410541534423828
978	0	0.4064516129032258	0.06308080805976941	0.37419354838709673	0.5419354838709678	5466	5467.2	15	14.1	10	9.6	34.8	37	0.7	4.38690185546875e-05	1.6032147407531738
979	0	0.41096774193548385	0.05145540485571721	0.37419354838709673	0.5032258064516129	5466	5467.2	15	13.5	10	9.4	33.4	37	0.8	4.553794860839844e-05	1.6015689373016357
980	0	0.4019354838709678	0.04395153891677707	0.37419354838709673	0.49677419354838714	5466	5467.2	15	14.5	10	9.6	36.1	37	0.8	3.4332275390625e-05	1.598508358001709
981	0	0.4212903225806451	0.0598332751205759	0.37419354838709673	0.5354838709677419	5466	5468.4	15	13.1	10	9.0	32.0	37	0.8	2.7894973754882812e-05	1.6448180675506592
982	0	0.412258064516129	0.05050834200270926	0.37419354838709673	0.5032258064516129	5466	5469.6	15	13.8	10	9.3	33.9	37	0.8	3.1948089599609375e-05	1.6405208110809326
983	0	0.41096774193548385	0.05609936182794419	0.37419354838709673	0.5161290322580645	5466	5468.4	15	13.4	10	9.6	33.3	37	0.8	4.1961669921875e-05	1.6283371448516846
984	0	0.4225806451612903	0.05984718660068034	0.37419354838709673	0.5161290322580645	5466	5467.2	15	12.0	10	8.9	29.3	37	0.8	4.4345855712890625e-05	1.6352670192718506
985	0	0.4161290322580645	0.0597775968252826	0.37419354838709673	0.5290322580645161	5466	5468.4	15	14.3	10	9.7	35.4	37	0.8	4.0531158447265625e-05	1.6388723850250244
986	0	0.4225806451612903	0.059638173669092256	0.37419354838709673	0.5032258064516129	5466	5468.4	15	12.6	10	9.1	30.9	37	0.8	4.363059997558594e-05	1.5947511196136475
987	0	0.40774193548387094	0.056964490463597736	0.37419354838709673	0.5548387096774193	5466	5467.2	15	14.1	10	9.7	34.9	37	0.8	4.267692565917969e-05	1.6597058773040771
988	0	0.41677419354838713	0.06375029330082907	0.37419354838709673	0.5419354838709678	5466	5468.4	15	15.4	10	10.0	38.1	37	0.8	3.695487976074219e-05	1.651634693145752
989	0	0.42129032258064514	0.060524932298687203	0.37419354838709673	0.5225806451612903	5466	5469.6	15	12.1	10	8.9	30.0	37	0.8	4.291534423828125e-05	1.665356159210205
990	0	0.4232258064516129	0.06005200659726506	0.37419354838709673	0.49677419354838714	5466	5467.2	15	12.3	10	8.9	30.7	37	0.7	4.5299530029296875e-05	1.5905652046203613
991	0	0.41032258064516125	0.05414744582801883	0.37419354838709673	0.5032258064516129	5466	5467.2	15	15.2	10	10.1	37.7	37	0.8	3.9577484130859375e-05	1.6061108112335205
992	0	0.4012903225806451	0.04623605901204882	0.37419354838709673	0.5161290322580645	5466	5467.2	15	14.7	10	10.0	36.3	37	0.8	4.315376281738281e-05	1.5658254623413086
993	0	0.42322580645161284	0.061895148155930106	0.37419354838709673	0.5354838709677419	5466	5468.7	15	14.2	10	9.6	35.2	37	0.8	4.0531158447265625e-05	1.6245143413543701
994	0	0.42709677419354836	0.06508139464732127	0.37419354838709673	0.5161290322580645	5466	5465.6	15	12.7	10	9.2	31.8	37	0.8	3.6716461181640625e-05	1.6189589500427246
995	0	0.40451612903225803	0.04741386845593068	0.37419354838709673	0.49677419354838714	5466	5467.2	15	13.4	10	9.2	32.9	37	0.8	2.956390380859375e-05	1.527707576751709
996	0	0.41096774193548385	0.057055753443807776	0.37419354838709673	0.5354838709677419	5466	5468.4	15	14.1	10	9.7	34.9	37	0.8	4.38690185546875e-05	1.6719307899475098
997	0	0.41161290322580646	0.049454884894804665	0.37419354838709673	0.5032258064516129	5466	5468.4	15	13.9	10	9.4	34.1	37	0.8	2.4557113647460938e-05	1.6735494136810303
998	0	0.40774193548387094	0.05215840756492319	0.37419354838709673	0.5354838709677419	5466	5468.4	15	15.1	10	10.2	37.6	37	0.8	2.956390380859375e-05	1.6360299587249756
999	0	0.4064516129032258	0.05335760807260732	0.37419354838709673	0.5161290322580645	5466	5467.2	15	13.7	10	9.3	33.9	37	0.8	4.124641418457031e-05	1.5985205173492432
1000	0	0.41483870967741926	0.06315005336794743	0.37419354838709673	0.5483870967741935	5466	5467.2	15	14.6	10	9.7	35.8	37	0.8	3.814697265625e-05	1.6454784870147705
